  Size(KB),       Bw(MB/s),    nominal_clock,     actual_clock,   cy_nominal/LUP,           cy/LUP
         5,    118724.9600,       2.35004712,       2.00000000,       0.31670500,       0.26953077
         6,    119971.5600,       2.35004459,       2.00000000,       0.31341400,       0.26673026
         7,    121092.9700,       2.35004557,       2.00000000,       0.31051100,       0.26425956
         8,    121932.3900,       2.35001593,       2.00000000,       0.30837000,       0.26244077
        10,    123100.5800,       2.35005008,       2.00000000,       0.30544800,       0.25995020
        12,    119797.4200,       2.35002908,       2.00000000,       0.31386700,       0.26711755
        14,    120869.6400,       2.35004332,       2.00000000,       0.31108500,       0.26474831
        17,    122010.1200,       2.35004252,       2.00000000,       0.30817700,       0.26227355
        20,    122851.2000,       2.35004623,       2.00000000,       0.30606700,       0.26047743
        24,    123663.6300,       2.35004159,       2.00000000,       0.30405600,       0.25876648
        29,    124344.6000,       2.35004731,       2.00000000,       0.30239200,       0.25734971
        35,    113104.0900,       2.35004210,       2.00000000,       0.33244300,       0.28292514
        42,    105910.3700,       2.35004515,       2.00000000,       0.35502400,       0.30214228
        50,    106267.4700,       2.35003242,       2.00000000,       0.35382900,       0.30112691
        60,    106791.5300,       2.35004679,       2.00000000,       0.35209500,       0.29964935
        72,    107166.5800,       2.35004421,       2.00000000,       0.35086200,       0.29860034
        86,    107194.2900,       2.35004557,       2.00000000,       0.35077200,       0.29852357
       103,    107860.9300,       2.35004708,       2.00000000,       0.34860400,       0.29667831
       124,    108076.2300,       2.35004661,       2.00000000,       0.34790900,       0.29608689
       149,    108118.3600,       2.35004459,       2.00000000,       0.34777400,       0.29597226
       179,    108385.2500,       2.35002443,       2.00000000,       0.34691400,       0.29524289
       215,    108546.7200,       2.35004445,       2.00000000,       0.34640100,       0.29480379
       258,    107443.6000,       2.35004257,       2.00000000,       0.34995700,       0.29783035
       310,    104334.2100,       2.35004366,       2.00000000,       0.36038700,       0.30670664
       372,    102510.7300,       2.35004421,       2.00000000,       0.36679800,       0.31216264
       446,     98465.9800,       2.35002664,       2.00000000,       0.38186200,       0.32498525
       535,     98183.6900,       2.35004327,       2.00000000,       0.38296300,       0.32591996
       642,     93445.9900,       2.35004496,       2.00000000,       0.40237900,       0.34244366
       770,     88620.1800,       2.35004698,       2.00000000,       0.42429100,       0.36109150
       924,     87806.0700,       2.35004346,       2.00000000,       0.42822400,       0.36443922
      1109,     87318.4200,       2.35004628,       2.00000000,       0.43061600,       0.36647449
      1331,     87161.4500,       2.35004299,       2.00000000,       0.43139100,       0.36713456
      1597,     86767.3000,       2.35004408,       2.00000000,       0.43335100,       0.36880244
      1916,     86808.6100,       2.35004389,       2.00000000,       0.43314500,       0.36862716
      2299,     86611.5800,       2.35004332,       2.00000000,       0.43413000,       0.36946553
      2759,     86752.6800,       2.35004849,       2.00000000,       0.43342500,       0.36886473
      3311,     86595.8600,       2.35004694,       2.00000000,       0.43421000,       0.36953305
      3973,     87698.8000,       2.35004468,       2.00000000,       0.42874800,       0.36488498
      4768,     84441.9100,       2.34959242,       2.00000000,       0.44519900,       0.37895849
      5722,     88217.8300,       2.35004698,       2.00000000,       0.42622600,       0.36273828
      6866,     88588.3900,       2.35003886,       2.00000000,       0.42444200,       0.36122126
      8239,     88289.4400,       2.35004308,       2.00000000,       0.42588000,       0.36244442
      9887,     87441.7900,       2.35004590,       2.00000000,       0.43000900,       0.36595796
     11864,     88540.3600,       2.35004647,       2.00000000,       0.42467300,       0.36141668
     14237,     85438.4100,       2.35004585,       2.00000000,       0.44009200,       0.37453907
     17084,     54128.8600,       2.35003862,       2.00000000,       0.69465000,       0.59118177
     20501,     37961.7300,       2.35004445,       2.00000000,       0.99049000,       0.84295427
     24601,     35306.3800,       2.35004543,       2.00000000,       1.06498400,       0.90635184
     29521,     34174.3800,       2.35004854,       2.00000000,       1.10026200,       0.93637385
     35425,     33882.9600,       2.35004684,       2.00000000,       1.10972500,       0.94442798
     42510,     33945.3300,       2.35004393,       2.00000000,       1.10768400,       0.94269217
     51012,     34013.7200,       2.35004708,       2.00000000,       1.10545800,       0.94079647
     61214,     34011.8900,       2.35004172,       2.00000000,       1.10551500,       0.94084713
     73457,     34065.7500,       2.35004844,       2.00000000,       1.10377100,       0.93936021
     88148,     33845.4900,       2.35001682,       2.00000000,       1.11093900,       0.94547323
    105778,     33867.4700,       2.35004361,       2.00000000,       1.11023000,       0.94485906
    126934,     33883.5000,       2.35004642,       2.00000000,       1.10970600,       0.94441198
    152321,     33918.4500,       2.35004769,       2.00000000,       1.10856400,       0.94343958
    182785,     33976.0600,       2.35004618,       2.00000000,       1.10668300,       0.94183936
    219342,     33920.0600,       2.35004538,       2.00000000,       1.10851000,       0.94339455
    263210,     34036.1900,       2.35004689,       2.00000000,       1.10472800,       0.94017528
    315852,     33964.7800,       2.35000724,       2.00000000,       1.10703200,       0.94215199
    379022,     33970.7100,       2.35004534,       2.00000000,       1.10685700,       0.94198778
    454826,     33950.0000,       2.35001508,       2.00000000,       1.10751800,       0.94256246
    545791,     34021.5700,       2.35004571,       2.00000000,       1.10520300,       0.94058000
    654949,     34094.4300,       2.35004308,       2.00000000,       1.10284000,       0.93857003
    785939,     34089.7000,       2.35004676,       2.00000000,       1.10299500,       0.93870047
    943127,     34124.2800,       2.35004200,       2.00000000,       1.10187400,       0.93774835
   1131752,     34096.0700,       2.35002119,       2.00000000,       1.10277600,       0.93852430
   1358102,     34127.3800,       2.35004609,       2.00000000,       1.10177600,       0.93766331
   1629722,     34127.5700,       2.35004783,       2.00000000,       1.10177100,       0.93765836
   1955666,     34112.6400,       2.35004285,       2.00000000,       1.10225100,       0.93806885
