  Size(KB),       Bw(MB/s),    nominal_clock,     actual_clock,   cy_nominal/LUP,           cy/LUP
         5,    206585.3500,       2.49406988,       2.20000000,       0.28974800,       0.25558450
         6,    227317.4200,       2.49408458,       2.20000000,       0.26332400,       0.23227472
         7,    234036.4800,       2.49408410,       2.20000000,       0.25576400,       0.22560619
         8,    210340.7400,       2.49408737,       2.20000000,       0.28457700,       0.25102144
        10,    246123.8300,       2.49408739,       2.20000000,       0.24320300,       0.21452600
        12,    251893.9200,       2.49408523,       2.20000000,       0.23763200,       0.20961208
        14,    256024.2000,       2.49408944,       2.20000000,       0.23379900,       0.20623070
        17,    236900.6300,       2.49408601,       2.20000000,       0.25267200,       0.22287860
        20,    263145.9700,       2.49408497,       2.20000000,       0.22747100,       0.20064922
        24,    258443.2500,       2.49408629,       2.20000000,       0.23161000,       0.20430007
        29,    260682.7500,       2.49408183,       2.20000000,       0.22962000,       0.20254508
        35,    179151.6700,       2.49406672,       2.20000000,       0.33411700,       0.29472243
        42,     96759.6400,       2.49405340,       2.20000000,       0.61861800,       0.54568182
        50,     93084.5700,       2.49408155,       2.20000000,       0.64304900,       0.56722596
        60,     95070.7500,       2.49408684,       2.20000000,       0.62961600,       0.55537569
        72,     93881.0200,       2.49408597,       2.20000000,       0.63759500,       0.56241405
        86,     95150.3700,       2.49403898,       2.20000000,       0.62907700,       0.55491089
       103,     94151.9100,       2.49408948,       2.20000000,       0.63576100,       0.56079552
       124,     93916.4300,       2.49408959,       2.20000000,       0.63735500,       0.56220154
       149,     91732.4800,       2.49408369,       2.20000000,       0.65252800,       0.57558678
       179,     94343.9500,       2.49408513,       2.20000000,       0.63446600,       0.55965419
       215,     94626.1800,       2.49408624,       2.20000000,       0.63257400,       0.55798504
       258,     94887.3100,       2.49408299,       2.20000000,       0.63083200,       0.55644917
       310,     94024.2700,       2.49408517,       2.20000000,       0.63662300,       0.56155685
       372,     95907.5300,       2.49408588,       2.20000000,       0.62412300,       0.55053060
       446,     94723.9800,       2.49408812,       2.20000000,       0.63192100,       0.55740861
       535,     95769.1300,       2.49408579,       2.20000000,       0.62502500,       0.55132626
       642,     91191.2700,       2.49408399,       2.20000000,       0.65640100,       0.57900304
       770,     82496.6700,       2.49404778,       2.20000000,       0.72557000,       0.64002543
       924,     81650.8200,       2.49408458,       2.20000000,       0.73309800,       0.64665634
      1109,     59738.9800,       2.49408698,       2.20000000,       1.00199400,       0.88384520
      1331,     41788.9100,       2.49408527,       2.20000000,       1.43239100,       1.26349337
      1597,     35968.6600,       2.49408478,       2.20000000,       1.66417200,       1.46794464
      1916,     32606.6500,       2.49408991,       2.20000000,       1.83576600,       1.61930217
      2299,     32463.4800,       2.49408540,       2.20000000,       1.84385800,       1.62644295
      2759,     32359.3700,       2.49408324,       2.20000000,       1.84978900,       1.63167601
      3311,     32366.8600,       2.49408621,       2.20000000,       1.84936300,       1.63129830
      3973,     32373.5400,       2.49408290,       2.20000000,       1.84897900,       1.63096174
      4768,     32369.5600,       2.49408311,       2.20000000,       1.84920700,       1.63116272
      5722,     32369.4700,       2.49408930,       2.20000000,       1.84921600,       1.63116662
      6866,     32379.1100,       2.49408684,       2.20000000,       1.84866400,       1.63068131
      8239,     32366.7700,       2.49405233,       2.20000000,       1.84934300,       1.63130282
      9887,     32351.9800,       2.49406781,       2.20000000,       1.85020000,       1.63204865
     11864,     32385.4400,       2.49408718,       2.20000000,       1.84830300,       1.63036265
     14237,     32377.1500,       2.49408790,       2.20000000,       1.84877600,       1.63077941
     17084,     32116.5800,       2.49407435,       2.20000000,       1.86376600,       1.64401081
     20501,     30516.6000,       2.49408417,       2.20000000,       1.96149000,       1.73020544
     24601,     31203.0300,       2.49408567,       2.20000000,       1.91834100,       1.69214324
     29521,     28176.8900,       2.49408775,       2.20000000,       2.12436900,       1.87387625
     35425,     25503.8600,       2.49408815,       2.20000000,       2.34702200,       2.07027502
     42510,     23923.1100,       2.49406484,       2.20000000,       2.50208100,       2.20707101
     51012,     22780.8200,       2.49408458,       2.20000000,       2.62756200,       2.31773872
     61214,     21756.4600,       2.49402897,       2.20000000,       2.75121500,       2.42686555
     73457,     20977.3200,       2.49408772,       2.20000000,       2.85346800,       2.51700433
     88148,     20369.7100,       2.49408538,       2.20000000,       2.93858100,       2.59208376
    105778,     20032.1700,       2.49409014,       2.20000000,       2.98810200,       2.63576055
    126934,     19705.9300,       2.49408191,       2.20000000,       3.03756100,       2.67939644
    152321,     19595.3900,       2.49409013,       2.20000000,       3.05470600,       2.69451096
    182785,     19410.6400,       2.49406025,       2.20000000,       3.08374400,       2.72015754
    219342,     19360.9300,       2.49407778,       2.20000000,       3.09168300,       2.72714133
    263210,     19158.6000,       2.49408375,       2.20000000,       3.12434200,       2.75594290
    315852,     19225.0800,       2.49408688,       2.20000000,       3.11354200,       2.74641291
    379022,     19148.2100,       2.49406582,       2.20000000,       3.12601400,       2.75743757
    454826,     19097.9200,       2.49404885,       2.20000000,       3.13422400,       2.76469837
    545791,     19095.5900,       2.49408640,       2.20000000,       3.13465400,       2.76503605
    654949,     19061.1500,       2.49408246,       2.20000000,       3.14031300,       2.77003215
    785939,     19076.9100,       2.49404513,       2.20000000,       3.13767200,       2.76774398
    943127,     19050.5200,       2.49408662,       2.20000000,       3.14207100,       2.77157824
   1131752,     19010.2200,       2.49406585,       2.20000000,       3.14870500,       2.77745313
   1358102,     18980.7900,       2.49408685,       2.20000000,       3.15361300,       2.78175903
   1629722,     19034.5600,       2.49408406,       2.20000000,       3.14470100,       2.77390098
   1955666,     19006.8500,       2.49408528,       2.20000000,       3.14928800,       2.77794575
   2346799,     18968.8900,       2.49408528,       2.20000000,       3.15559100,       2.78350555
   2816159,     18938.4400,       2.49408892,       2.20000000,       3.16066800,       2.78797982
   3379391,     18936.6600,       2.49408372,       2.20000000,       3.16096000,       2.78824321
   4055269,     18999.7600,       2.49408361,       2.20000000,       3.15046100,       2.77898230
   4866323,     18996.1400,       2.49408424,       2.20000000,       3.15106200,       2.77951173
   5839588,     18933.5100,       2.49408682,       2.20000000,       3.16148900,       2.78870637
