  Size(KB),       Bw(MB/s),    nominal_clock,     actual_clock,   cy_nominal/LUP,           cy/LUP
         5,    124726.5800,       2.49408215,       2.20000000,       0.15997100,       0.14110850
         6,    130451.4700,       2.49408489,       2.20000000,       0.15295100,       0.13491610
         7,    131816.1800,       2.49408780,       2.20000000,       0.15136800,       0.13351960
         8,    114496.9900,       2.49408554,       2.20000000,       0.17426400,       0.15371598
        10,    134341.3100,       2.49403010,       2.20000000,       0.14851900,       0.13100957
        12,    123272.7700,       2.49405965,       2.20000000,       0.16185600,       0.14277253
        14,    135971.2800,       2.49408512,       2.20000000,       0.14674200,       0.12943921
        17,    134316.9000,       2.49408550,       2.20000000,       0.14854900,       0.13103312
        20,    129935.9500,       2.49408658,       2.20000000,       0.15355800,       0.13545143
        24,    135324.3300,       2.49408699,       2.20000000,       0.14744400,       0.13005833
        29,    118226.0300,       2.49408577,       2.20000000,       0.16876700,       0.14886713
        35,     49604.6100,       2.49408791,       2.20000000,       0.40223500,       0.35480586
        42,     40280.9300,       2.49408565,       2.20000000,       0.49533800,       0.43693111
        50,     40724.1700,       2.49408567,       2.20000000,       0.48994700,       0.43217577
        60,     42066.6900,       2.49409010,       2.20000000,       0.47431200,       0.41838360
        72,     41742.0200,       2.49408912,       2.20000000,       0.47800100,       0.42163778
        86,     42422.8600,       2.49408846,       2.20000000,       0.47032900,       0.41487053
       103,     42022.4300,       2.49407493,       2.20000000,       0.47480800,       0.41882366
       124,     42530.2900,       2.49407306,       2.20000000,       0.46913800,       0.41382252
       149,     42522.6100,       2.49405356,       2.20000000,       0.46921900,       0.41389721
       179,     43092.8200,       2.49408587,       2.20000000,       0.46301600,       0.40842026
       215,     42862.2000,       2.49408522,       2.20000000,       0.46550800,       0.41061853
       258,     43141.5500,       2.49409003,       2.20000000,       0.46249400,       0.40795913
       310,     43390.7900,       2.49408080,       2.20000000,       0.45983600,       0.40561605
       372,     43154.9400,       2.49408518,       2.20000000,       0.46235000,       0.40783290
       446,     43684.4500,       2.49408842,       2.20000000,       0.45674600,       0.40288916
       535,     43382.1900,       2.49408829,       2.20000000,       0.45992900,       0.40569686
       642,     42893.9400,       2.49408668,       2.20000000,       0.46516300,       0.41031397
       770,     38510.7700,       2.49408508,       2.20000000,       0.51810600,       0.45701456
       924,     33711.1700,       2.49408797,       2.20000000,       0.59187200,       0.52208199
      1109,     26851.1400,       2.49408575,       2.20000000,       0.74308500,       0.65546543
      1331,     23427.5500,       2.49406433,       2.20000000,       0.85166900,       0.75125240
      1597,     19654.1200,       2.49408637,       2.20000000,       1.01519100,       0.89548631
      1916,     18440.4100,       2.49406424,       2.20000000,       1.08200000,       0.95442610
      2299,     18239.4600,       2.49408735,       2.20000000,       1.09393000,       0.96494054
      2759,     18245.7500,       2.49408657,       2.20000000,       1.09355300,       0.96460830
      3311,     18242.9700,       2.49409051,       2.20000000,       1.09372100,       0.96475496
      3973,     18244.8700,       2.49409085,       2.20000000,       1.09360700,       0.96465427
      4768,     18249.2700,       2.49408033,       2.20000000,       1.09333900,       0.96442195
      5722,     18249.1800,       2.49408374,       2.20000000,       1.09334600,       0.96442680
      6866,     18247.0000,       2.49407180,       2.20000000,       1.09347200,       0.96454256
      8239,     18249.6800,       2.49408673,       2.20000000,       1.09331700,       0.96440007
      9887,     18248.6000,       2.49408340,       2.20000000,       1.09338100,       0.96445781
     11864,     18246.1000,       2.49408658,       2.20000000,       1.09353200,       0.96458977
     14237,     18239.1300,       2.49407906,       2.20000000,       1.09394700,       0.96495874
     17084,     18236.2200,       2.49408688,       2.20000000,       1.09412400,       0.96511185
     20501,     18161.5300,       2.49408506,       2.20000000,       1.09862300,       0.96908106
     24601,     17190.0500,       2.49408653,       2.20000000,       1.16071200,       1.02384836
     29521,     13536.9900,       2.49405542,       2.20000000,       1.47392000,       1.30014112
     35425,     11415.6900,       2.49408332,       2.20000000,       1.74782800,       1.54173743
     42510,     10126.4700,       2.49408704,       2.20000000,       1.97035100,       1.73801962
     51012,      9508.9200,       2.49407948,       2.20000000,       2.09830800,       1.85089434
     61214,      9169.8200,       2.49408818,       2.20000000,       2.17591000,       1.91933952
     73457,      8977.9300,       2.49407976,       2.20000000,       2.22240900,       1.96036224
     88148,      8875.6700,       2.49408728,       2.20000000,       2.24802300,       1.98295009
    105778,      8807.2300,       2.49409133,       2.20000000,       2.26549500,       1.99835866
    126934,      8770.7400,       2.49408688,       2.20000000,       2.27491500,       2.00667147
    152321,      8742.4600,       2.49408357,       2.20000000,       2.28227200,       2.01316365
    182785,      8700.2700,       2.49408654,       2.20000000,       2.29334100,       2.02292507
    219342,      8682.9200,       2.49408779,       2.20000000,       2.29792400,       2.02696666
    263210,      8657.7900,       2.49397818,       2.20000000,       2.30449400,       2.03285131
    315852,      8633.7400,       2.49408569,       2.20000000,       2.31101400,       2.03851488
    379022,      8639.3000,       2.49408628,       2.20000000,       2.30952600,       2.03720186
    454826,      8613.5100,       2.49404043,       2.20000000,       2.31639800,       2.04330112
    545791,      8599.3900,       2.49408882,       2.20000000,       2.32024800,       2.04665750
    654949,      8600.4100,       2.49408799,       2.20000000,       2.31997200,       2.04641473
    785939,      8597.2700,       2.49402727,       2.20000000,       2.32076200,       2.04716142
    943127,      8591.0900,       2.49408297,       2.20000000,       2.32248500,       2.04863554
   1131752,      8588.5200,       2.49408810,       2.20000000,       2.32318400,       2.04924790
   1358102,      8546.9400,       2.49408352,       2.20000000,       2.33448200,       2.05921749
   1629722,      8561.2000,       2.49408818,       2.20000000,       2.33059600,       2.05578585
   1955666,      8574.3400,       2.49408059,       2.20000000,       2.32701700,       2.05263511
   2346799,      8563.5600,       2.49405324,       2.20000000,       2.32992100,       2.05521924
   2816159,      8523.7700,       2.49408388,       2.20000000,       2.34082700,       2.06481403
   3379391,      8526.5700,       2.49408289,       2.20000000,       2.34005700,       2.06413565
   4055269,      8511.9500,       2.49408662,       2.20000000,       2.34408100,       2.06768207
   4866323,      8509.1100,       2.49408004,       2.20000000,       2.34485500,       2.06837027
   5839588,      8516.9600,       2.49408970,       2.20000000,       2.34270500,       2.06646578
