  Size(KB),       Bw(MB/s),    nominal_clock,     actual_clock,   cy_nominal/LUP,           cy/LUP
         5,    127769.8300,       2.49408714,       2.20000000,       0.31232300,       0.27549583
         6,    114273.3900,       2.49408453,       2.20000000,       0.34920900,       0.30803278
         7,    131771.7900,       2.49408515,       2.20000000,       0.30283700,       0.26712857
         8,    118679.9100,       2.49408642,       2.20000000,       0.33624400,       0.29659630
        10,    133518.2100,       2.49408938,       2.20000000,       0.29887600,       0.26363418
        12,    135255.1300,       2.49408736,       2.20000000,       0.29503800,       0.26024894
        14,    126382.0200,       2.49408604,       2.20000000,       0.31575200,       0.27852062
        17,    132358.6600,       2.49408467,       2.20000000,       0.30149400,       0.26594398
        20,    136724.8100,       2.49408791,       2.20000000,       0.29186700,       0.25745179
        24,    130104.3800,       2.49401580,       2.20000000,       0.30671000,       0.27055242
        29,    120627.0700,       2.49408938,       2.20000000,       0.33081700,       0.29180887
        35,     60627.3500,       2.49408313,       2.20000000,       0.65820700,       0.58059629
        42,     35176.3200,       2.49408220,       2.20000000,       1.13443700,       1.00067327
        50,     36653.9900,       2.49408914,       2.20000000,       1.08870600,       0.96033183
        60,     34265.5000,       2.49407924,       2.20000000,       1.16459000,       1.02727209
        72,     35800.4500,       2.49408600,       2.20000000,       1.11466100,       0.98322760
        86,     36242.2700,       2.49405271,       2.20000000,       1.10105800,       0.97124154
       103,     35442.3300,       2.49408971,       2.20000000,       1.12592600,       0.99316283
       124,     37642.7700,       2.49408434,       2.20000000,       1.06010700,       0.93510687
       149,     36985.3300,       2.49405812,       2.20000000,       1.07893900,       0.95172834
       179,     34011.8600,       2.49408934,       2.20000000,       1.17328000,       1.03493325
       215,     37458.1300,       2.49402331,       2.20000000,       1.06530600,       0.93971583
       258,     38321.7600,       2.49408743,       2.20000000,       1.04132500,       0.91853837
       310,     37642.7500,       2.49408978,       2.20000000,       1.06010900,       0.93510660
       372,     39226.0600,       2.49409031,       2.20000000,       1.01732000,       0.89736286
       446,     40376.2700,       2.49408996,       2.20000000,       0.98833900,       0.87179927
       535,     40050.1900,       2.49408568,       2.20000000,       0.99638400,       0.87889715
       642,     39875.3100,       2.49408423,       2.20000000,       1.00075300,       0.88275150
       770,     37754.0700,       2.49408912,       2.20000000,       1.05698300,       0.93234944
       924,     37528.2300,       2.49406426,       2.20000000,       1.06333300,       0.93796003
      1109,     27260.2400,       2.49408486,       2.20000000,       1.46386700,       1.29125815
      1331,     22613.9800,       2.49408902,       2.20000000,       1.76463500,       1.55655912
      1597,     19892.3400,       2.49404661,       2.20000000,       2.00603600,       1.76952555
      1916,     18533.0300,       2.49408552,       2.20000000,       2.15320300,       1.89931202
      2299,     17744.2800,       2.49400495,       2.20000000,       2.24884100,       1.98373712
      2759,     18142.9300,       2.49408448,       2.20000000,       2.19949800,       1.94014903
      3311,     18035.0800,       2.49408637,       2.20000000,       2.21265400,       1.95175230
      3973,     18225.2500,       2.49408383,       2.20000000,       2.18956300,       1.93138600
      4768,     18198.0200,       2.49408289,       2.20000000,       2.19283800,       1.93427557
      5722,     17860.5800,       2.49408712,       2.20000000,       2.23427200,       1.97082065
      6866,     18220.9100,       2.49405894,       2.20000000,       2.19006400,       1.93184721
      8239,     18178.0600,       2.49408316,       2.20000000,       2.19524700,       1.93640031
      9887,     18278.7900,       2.49408922,       2.20000000,       2.18315500,       1.92572943
     11864,     18186.6800,       2.49408136,       2.20000000,       2.19420500,       1.93548257
     14237,     18152.5600,       2.49408518,       2.20000000,       2.19833300,       1.93912086
     17084,     18190.5100,       2.49408555,       2.20000000,       2.19374600,       1.93507444
     20501,     18032.2400,       2.49406226,       2.20000000,       2.21298000,       1.95205872
     24601,     16718.6200,       2.49405790,       2.20000000,       2.38685500,       2.10543669
     29521,     14589.3900,       2.49408231,       2.20000000,       2.73522900,       2.41271260
     35425,     11565.6300,       2.49408538,       2.20000000,       3.45034000,       3.04349966
     42510,     11007.6500,       2.49408435,       2.20000000,       3.62523700,       3.19777533
     51012,     10307.5800,       2.49408345,       2.20000000,       3.87145600,       3.41496319
     61214,      9782.3900,       2.49408589,       2.20000000,       4.07930800,       3.59830334
     73457,      9515.1000,       2.49408633,       2.20000000,       4.19389900,       3.69938189
     88148,      9271.9700,       2.49408237,       2.20000000,       4.30386700,       3.79638922
    105778,      9173.8900,       2.49407874,       2.20000000,       4.34987400,       3.83697702
    126934,      8943.5500,       2.49408814,       2.20000000,       4.46191900,       3.93579587
    152321,      8942.8000,       2.49408678,       2.20000000,       4.46229000,       3.93612527
    182785,      8966.5500,       2.49408419,       2.20000000,       4.45047000,       3.92570309
    219342,      8931.3200,       2.49408329,       2.20000000,       4.46802200,       3.94118690
    263210,      8891.4600,       2.49408786,       2.20000000,       4.48805800,       3.95885316
    315852,      8920.9500,       2.49408758,       2.20000000,       4.47322200,       3.94576697
    379022,      8820.8400,       2.49408601,       2.20000000,       4.52399000,       3.99055124
    454826,      8853.3000,       2.49407793,       2.20000000,       4.50738500,       3.97591706
    545791,      8861.3600,       2.49408593,       2.20000000,       4.50330300,       3.97230363
    654949,      8851.3500,       2.49408944,       2.20000000,       4.50840100,       3.97679491
    785939,      8840.0800,       2.49404838,       2.20000000,       4.51407500,       3.98186542
    943127,      8815.0600,       2.49408367,       2.20000000,       4.52695200,       3.99316771
   1131752,      8805.7900,       2.49408604,       2.20000000,       4.53172200,       3.99737148
   1358102,      8795.4900,       2.49408406,       2.20000000,       4.53702500,       4.00205236
   1629722,      8758.7800,       2.49403934,       2.20000000,       4.55595800,       4.01882497
   1955666,      8770.4200,       2.49408696,       2.20000000,       4.54999600,       4.01348925
   2346799,      8784.8300,       2.49408653,       2.20000000,       4.54253100,       4.00690517
   2816159,      8773.0000,       2.49408683,       2.20000000,       4.54866100,       4.01231187
   3379391,      8781.7000,       2.49408765,       2.20000000,       4.54415500,       4.00833587
   4055269,      8790.7800,       2.49408935,       2.20000000,       4.53946500,       4.00419615
   4866323,      8773.8500,       2.49408510,       2.20000000,       4.54821800,       4.01192388
   5839588,      8763.9700,       2.49408627,       2.20000000,       4.55334800,       4.01644712
