  Size(KB),       Bw(MB/s),    nominal_clock,     actual_clock,   cy_nominal/LUP,           cy/LUP
         5,    155189.7800,       2.79471597,       2.10000000,       0.43220100,       0.32476363
         6,    157250.7000,       2.79471773,       2.10000000,       0.42653700,       0.32050739
         7,    159615.1900,       2.79471580,       2.10000000,       0.42021800,       0.31575941
         8,    160800.5100,       2.79471479,       2.10000000,       0.41712000,       0.31343163
        10,    163293.7200,       2.79471879,       2.10000000,       0.41075200,       0.30864615
        12,    164699.7400,       2.79471601,       2.10000000,       0.40724500,       0.30601124
        14,    165705.2800,       2.79471573,       2.10000000,       0.40477400,       0.30415451
        17,    166272.1500,       2.79471777,       2.10000000,       0.40339400,       0.30311733
        20,    167662.0200,       2.79471489,       2.10000000,       0.40005000,       0.30060490
        24,    166284.9500,       2.79472022,       2.10000000,       0.40336400,       0.30309453
        29,    168072.2400,       2.79471710,       2.10000000,       0.39907400,       0.29987128
        35,    134026.2600,       2.79472075,       2.10000000,       0.50044900,       0.37604576
        42,    100542.6000,       2.79471603,       2.10000000,       0.66711200,       0.50127998
        50,     98285.6900,       2.79471870,       2.10000000,       0.68243100,       0.51279046
        60,     98103.2700,       2.79471898,       2.10000000,       0.68370100,       0.51374471
        72,     98439.7800,       2.79472074,       2.10000000,       0.68136400,       0.51198833
        86,     98751.5100,       2.79472037,       2.10000000,       0.67921300,       0.51037210
       103,     99038.9700,       2.79471670,       2.10000000,       0.67724000,       0.50889022
       124,     99292.5300,       2.79469496,       2.10000000,       0.67550600,       0.50759121
       149,     99497.5700,       2.79471300,       2.10000000,       0.67411800,       0.50654497
       179,     99648.0100,       2.79471784,       2.10000000,       0.67310200,       0.50578065
       215,     97184.6200,       2.79471271,       2.10000000,       0.69016200,       0.51860078
       258,     99622.6300,       2.79471505,       2.10000000,       0.67327200,       0.50590889
       310,     99765.9300,       2.79471586,       2.10000000,       0.67230500,       0.50518213
       372,     93764.2400,       2.79472142,       2.10000000,       0.71534000,       0.53751833
       446,     91337.2500,       2.79471586,       2.10000000,       0.73434600,       0.55180086
       535,     88936.5600,       2.79471705,       2.10000000,       0.75416900,       0.56669597
       642,     88500.5200,       2.79471807,       2.10000000,       0.75788500,       0.56948803
       770,     84016.8400,       2.79471820,       2.10000000,       0.79833100,       0.59987984
       924,     81802.8300,       2.79471682,       2.10000000,       0.81993700,       0.61611527
      1109,     80561.6700,       2.79471867,       2.10000000,       0.83257000,       0.62560752
      1331,     79666.8400,       2.79471999,       2.10000000,       0.84192200,       0.63263447
      1597,     79674.3400,       2.79471390,       2.10000000,       0.84184100,       0.63257498
      1916,     79234.5900,       2.79471554,       2.10000000,       0.84651400,       0.63608599
      2299,     79664.0900,       2.79471977,       2.10000000,       0.84195100,       0.63265631
      2759,     79498.5400,       2.79471798,       2.10000000,       0.84370400,       0.63397395
      3311,     79750.4700,       2.79471588,       2.10000000,       0.84103800,       0.63197115
      3973,     80307.1300,       2.79471738,       2.10000000,       0.83520900,       0.62759079
      4768,     79920.9700,       2.79471953,       2.10000000,       0.83924500,       0.63062303
      5722,     80314.2500,       2.79471682,       2.10000000,       0.83513500,       0.62753532
      6866,     80384.6900,       2.79471696,       2.10000000,       0.83440300,       0.62698525
      8239,     80654.0200,       2.79471945,       2.10000000,       0.83161700,       0.62489124
      9887,     80221.9500,       2.79471798,       2.10000000,       0.83609600,       0.62825717
     11864,     80354.8900,       2.79471379,       2.10000000,       0.83471100,       0.62721740
     14237,     80398.8500,       2.79471773,       2.10000000,       0.83425600,       0.62687461
     17084,     80548.6300,       2.79471671,       2.10000000,       0.83270400,       0.62570864
     20501,     80003.3100,       2.79471821,       2.10000000,       0.83838100,       0.62997410
     24601,     80456.9200,       2.79471868,       2.10000000,       0.83365400,       0.62642205
     29521,     78684.9100,       2.79471670,       2.10000000,       0.85242800,       0.64052961
     35425,     68505.0300,       2.79471910,       2.10000000,       0.97910000,       0.73571258
     42510,     63456.6100,       2.79471766,       2.10000000,       1.05699400,       0.79424388
     51012,     61929.0800,       2.79471809,       2.10000000,       1.08306500,       0.81383396
     61214,     61233.4600,       2.79471341,       2.10000000,       1.09536700,       0.82307928
     73457,     58476.5000,       2.79471656,       2.10000000,       1.14701100,       0.86188458
     88148,     56930.6000,       2.79471614,       2.10000000,       1.17815700,       0.88528837
    105778,     56296.6100,       2.79471674,       2.10000000,       1.19142500,       0.89525799
    126934,     55509.6100,       2.79472020,       2.10000000,       1.20831800,       0.90795057
    152321,     53934.1200,       2.79471906,       2.10000000,       1.24361500,       0.93447372
    182785,     53217.8500,       2.79471805,       2.10000000,       1.26035200,       0.94705053
    219342,     52460.3000,       2.79471924,       2.10000000,       1.27855300,       0.96072667
    263210,     50629.1200,       2.79397477,       2.10000000,       1.32444300,       0.99547438
    315852,     50761.5800,       2.79471629,       2.10000000,       1.32133800,       0.99287710
    379022,     50158.6400,       2.79471132,       2.10000000,       1.33721900,       1.00481215
    454826,     49740.9200,       2.79471070,       2.10000000,       1.34844800,       1.01325007
    545791,     48590.0900,       2.79470981,       2.10000000,       1.38038500,       1.03724848
    654949,     48705.4100,       2.79470829,       2.10000000,       1.37711600,       1.03479265
    785939,     48823.0600,       2.79470783,       2.10000000,       1.37379700,       1.03229886
    943127,     47882.6200,       2.79471220,       2.10000000,       1.40078200,       1.05257429
   1131752,     47962.8800,       2.79471283,       2.10000000,       1.39843800,       1.05081272
   1358102,     48178.3500,       2.79471530,       2.10000000,       1.39218500,       1.04611318
   1629722,     47807.5000,       2.79470995,       2.10000000,       1.40298200,       1.05422826
   1955666,     47751.6700,       2.79470929,       2.10000000,       1.40462200,       1.05546083
   2346799,     47813.2000,       2.79471293,       2.10000000,       1.40281600,       1.05410240
   2816159,     48189.6500,       2.79471346,       2.10000000,       1.39185700,       1.04586740
   3379391,     48062.5500,       2.79471028,       2.10000000,       1.39553600,       1.04863306
   4055269,     47883.0000,       2.79471097,       2.10000000,       1.40077000,       1.05256573
   4866323,     48260.6100,       2.79471586,       2.10000000,       1.38981200,       1.04432985
   5839588,     48480.6800,       2.79471289,       2.10000000,       1.38350200,       1.03958951
