  Size(KB),       Bw(MB/s),    nominal_clock,     actual_clock,   cy_nominal/LUP,           cy/LUP
         5,    113145.2800,       2.79471945,       2.10000000,       0.19760200,       0.14848152
         6,    116429.9700,       2.79471655,       2.10000000,       0.19202700,       0.14429252
         7,    118952.0000,       2.79471249,       2.10000000,       0.18795600,       0.14123371
         8,    120101.5400,       2.79471364,       2.10000000,       0.18615700,       0.13988185
        10,    123037.7400,       2.79471751,       2.10000000,       0.18171400,       0.13654310
        12,    124595.9900,       2.79471728,       2.10000000,       0.17944200,       0.13483589
        14,    125560.5100,       2.79471304,       2.10000000,       0.17806300,       0.13379989
        17,    122048.6300,       2.79471728,       2.10000000,       0.18318700,       0.13764995
        20,    123548.6400,       2.79471560,       2.10000000,       0.18096300,       0.13597888
        24,    125007.6400,       2.79471735,       2.10000000,       0.17885100,       0.13439180
        29,    124411.0200,       2.79471479,       2.10000000,       0.17970900,       0.13503664
        35,     91793.3700,       2.79471641,       2.10000000,       0.24356600,       0.18301986
        42,     64959.2000,       2.79396292,       2.10000000,       0.34408800,       0.25862362
        50,     65180.7400,       2.79471302,       2.10000000,       0.34301100,       0.25774493
        60,     65435.7400,       2.79471654,       2.10000000,       0.34167500,       0.25674071
        72,     65687.6300,       2.79471433,       2.10000000,       0.34036400,       0.25575580
        86,     65907.5100,       2.79471407,       2.10000000,       0.33922900,       0.25490296
       103,     66086.4900,       2.79471607,       2.10000000,       0.33831000,       0.25421223
       124,     66237.2700,       2.79471602,       2.10000000,       0.33754000,       0.25363364
       149,     66376.9200,       2.79471956,       2.10000000,       0.33683000,       0.25309981
       179,     66474.2700,       2.79471750,       2.10000000,       0.33633700,       0.25272955
       215,     64052.6100,       2.79471582,       2.10000000,       0.34905300,       0.26228474
       258,     66407.0700,       2.79471718,       2.10000000,       0.33667700,       0.25298506
       310,     66469.8700,       2.79471307,       2.10000000,       0.33635800,       0.25274573
       372,     63160.2000,       2.79471460,       2.10000000,       0.35398400,       0.26599009
       446,     57991.5500,       2.79471306,       2.10000000,       0.38553400,       0.28969751
       535,     55902.3200,       2.79471521,       2.10000000,       0.39994300,       0.30052447
       642,     55103.6700,       2.79471196,       2.10000000,       0.40573900,       0.30488004
       770,     53466.0000,       2.79471566,       2.10000000,       0.41816700,       0.31421826
       924,     52975.7700,       2.79471415,       2.10000000,       0.42203700,       0.31712642
      1109,     52901.5200,       2.79471868,       2.10000000,       0.42263000,       0.31757150
      1331,     52825.5200,       2.79471568,       2.10000000,       0.42323700,       0.31802795
      1597,     52832.7300,       2.79471660,       2.10000000,       0.42318000,       0.31798502
      1916,     52845.0700,       2.79471758,       2.10000000,       0.42308100,       0.31791051
      2299,     52840.9100,       2.79471571,       2.10000000,       0.42311400,       0.31793552
      2759,     53898.8300,       2.79471570,       2.10000000,       0.41480900,       0.31169500
      3311,     53763.5800,       2.79471390,       2.10000000,       0.41585200,       0.31247893
      3973,     52952.1400,       2.79471728,       2.10000000,       0.42222500,       0.31726733
      4768,     54233.8600,       2.79471952,       2.10000000,       0.41224700,       0.30976944
      5722,     53485.3600,       2.79471200,       2.10000000,       0.41801500,       0.31410446
      6866,     54262.5000,       2.79471572,       2.10000000,       0.41202900,       0.30960605
      8239,     54050.7800,       2.79471732,       2.10000000,       0.41364300,       0.31081866
      9887,     54193.0200,       2.79471375,       2.10000000,       0.41255700,       0.31000302
     11864,     54234.4900,       2.79471854,       2.10000000,       0.41224200,       0.30976579
     14237,     54256.3300,       2.79471854,       2.10000000,       0.41207600,       0.30964106
     17084,     54364.8700,       2.79471879,       2.10000000,       0.41125400,       0.30902336
     20501,     54117.7000,       2.79471498,       2.10000000,       0.41313100,       0.31043420
     24601,     54301.9700,       2.79471479,       2.10000000,       0.41172900,       0.30938073
     29521,     53247.6400,       2.79471795,       2.10000000,       0.41988200,       0.31550669
     35425,     40548.9300,       2.79471527,       2.10000000,       0.55137600,       0.41431398
     42510,     37545.1300,       2.79471668,       2.10000000,       0.59549000,       0.44746182
     51012,     35708.9900,       2.79472191,       2.10000000,       0.62611000,       0.47046935
     61214,     33735.6000,       2.79471928,       2.10000000,       0.66273500,       0.49799045
     73457,     32089.6100,       2.79471757,       2.10000000,       0.69672800,       0.52353369
     88148,     30415.7100,       2.79471619,       2.10000000,       0.73507200,       0.55234632
    105778,     29296.9900,       2.79471910,       2.10000000,       0.76314200,       0.57343802
    126934,     28360.3400,       2.79471514,       2.10000000,       0.78834500,       0.59237683
    152321,     27920.4600,       2.79471685,       2.10000000,       0.80076500,       0.60170908
    182785,     27716.4600,       2.79471499,       2.10000000,       0.80665900,       0.60613834
    219342,     27537.6600,       2.79471933,       2.10000000,       0.81189700,       0.61007332
    263210,     27219.2600,       2.79397200,       2.10000000,       0.82117500,       0.61721002
    315852,     27281.1500,       2.79471737,       2.10000000,       0.81953100,       0.61581007
    379022,     27179.6300,       2.79471369,       2.10000000,       0.82259100,       0.61811022
    454826,     26988.9400,       2.79471481,       2.10000000,       0.82840300,       0.62247722
    545791,     27039.3800,       2.79471746,       2.10000000,       0.82685900,       0.62131644
    654949,     26992.1700,       2.79471926,       2.10000000,       0.82830500,       0.62240259
    785939,     26815.9800,       2.79471580,       2.10000000,       0.83374700,       0.62649258
    943127,     26932.8600,       2.79471436,       2.10000000,       0.83012800,       0.62377352
   1131752,     26796.4200,       2.79471796,       2.10000000,       0.83435600,       0.62694971
   1358102,     26791.6100,       2.79470119,       2.10000000,       0.83450000,       0.62706167
   1629722,     26924.3900,       2.79470505,       2.10000000,       0.83038600,       0.62396946
   1955666,     26929.1700,       2.79470774,       2.10000000,       0.83023900,       0.62385840
   2346799,     26921.2500,       2.79470670,       2.10000000,       0.83048400,       0.62404273
   2816159,     26921.2400,       2.79471232,       2.10000000,       0.83048500,       0.62404223
   3379391,     26910.7000,       2.79470700,       2.10000000,       0.83080900,       0.62428688
   4055269,     26788.6000,       2.79470717,       2.10000000,       0.83459600,       0.62713247
   4866323,     26779.5600,       2.79470987,       2.10000000,       0.83487900,       0.62734451
   5839588,     26907.3900,       2.79470093,       2.10000000,       0.83091000,       0.62436413
