  Size(KB),       Bw(MB/s),    nominal_clock,     actual_clock,   cy_nominal/LUP,           cy/LUP
         5,    125675.1200,       2.79470406,       2.10000000,       0.71160100,       0.53471211
         6,    128085.9000,       2.79470790,       2.10000000,       0.69820800,       0.52464760
         7,    133025.0500,       2.79470632,       2.10000000,       0.67228400,       0.50516807
         8,    135131.1000,       2.79470605,       2.10000000,       0.66180600,       0.49729473
        10,    138391.3800,       2.79470644,       2.10000000,       0.64621500,       0.48557927
        12,    139922.8000,       2.79470420,       2.10000000,       0.63914200,       0.48026485
        14,    142638.3000,       2.79470760,       2.10000000,       0.62697500,       0.47112174
        17,    143761.2200,       2.79470654,       2.10000000,       0.62207700,       0.46744146
        20,    145685.8100,       2.79470413,       2.10000000,       0.61385900,       0.46126668
        24,    146761.5200,       2.79470482,       2.10000000,       0.60936000,       0.45788592
        29,    147632.1200,       2.79470456,       2.10000000,       0.60576600,       0.45518536
        35,    130004.9900,       2.79470570,       2.10000000,       0.68790100,       0.51690312
        42,     85482.3600,       2.79470570,       2.10000000,       1.04618800,       0.78612743
        50,     66611.6900,       2.79470493,       2.10000000,       1.34256600,       1.00883230
        60,     65929.8200,       2.79470788,       2.10000000,       1.35645200,       1.01926545
        72,     65764.9100,       2.79470540,       2.10000000,       1.35985200,       1.02182119
        86,     66132.5800,       2.79471028,       2.10000000,       1.35229500,       1.01614093
       103,     66244.5200,       2.79470772,       2.10000000,       1.35000800,       1.01442336
       124,     66354.2200,       2.79471094,       2.10000000,       1.34777800,       1.01274653
       149,     66405.6900,       2.79470702,       2.10000000,       1.34673100,       1.01196121
       179,     66456.0700,       2.79470754,       2.10000000,       1.34571100,       1.01119457
       215,     66540.7600,       2.79470990,       2.10000000,       1.34399900,       1.00990729
       258,     66534.4800,       2.79469396,       2.10000000,       1.34411800,       1.01000247
       310,     66264.2600,       2.79471143,       2.10000000,       1.34960800,       1.01412145
       372,     64429.6100,       2.79470971,       2.10000000,       1.38803800,       1.04299913
       446,     62523.7600,       2.79470925,       2.10000000,       1.43034700,       1.07479113
       535,     60724.6600,       2.79470801,       2.10000000,       1.47272400,       1.10663454
       642,     59280.9500,       2.79470680,       2.10000000,       1.50858900,       1.13358471
       770,     54117.1300,       2.79470743,       2.10000000,       1.65253900,       1.24175141
       924,     51034.4100,       2.79470474,       2.10000000,       1.75235800,       1.31675871
      1109,     49610.3400,       2.79470385,       2.10000000,       1.80265900,       1.35455637
      1331,     49722.7500,       2.79470938,       2.10000000,       1.79858700,       1.35149391
      1597,     49725.8700,       2.79471359,       2.10000000,       1.79847700,       1.35140921
      1916,     49741.4600,       2.79471242,       2.10000000,       1.79791300,       1.35098598
      2299,     49730.5900,       2.79471064,       2.10000000,       1.79830400,       1.35128065
      2759,     49738.3300,       2.79471093,       2.10000000,       1.79802500,       1.35107086
      3311,     49790.2700,       2.79471208,       2.10000000,       1.79615000,       1.34966139
      3973,     49814.2600,       2.79470985,       2.10000000,       1.79528300,       1.34901099
      4768,     49835.9900,       2.79471011,       2.10000000,       1.79450100,       1.34842325
      5722,     49773.2200,       2.79470546,       2.10000000,       1.79676100,       1.35012371
      6866,     49823.7800,       2.79470872,       2.10000000,       1.79494000,       1.34875380
      8239,     49776.3200,       2.79471285,       2.10000000,       1.79665400,       1.35003973
      9887,     51439.8000,       2.79470495,       2.10000000,       1.73854800,       1.30638148
     11864,     53045.7500,       2.79470804,       2.10000000,       1.68591600,       1.26683129
     14237,     52665.6000,       2.79470592,       2.10000000,       1.69808400,       1.27597554
     17084,     51520.3400,       2.79470853,       2.10000000,       1.73583200,       1.30433895
     20501,     52303.1900,       2.79471107,       2.10000000,       1.70985300,       1.28481664
     24601,     52400.6500,       2.79470929,       2.10000000,       1.70667100,       1.28242645
     29521,     51516.5700,       2.79470906,       2.10000000,       1.73596000,       1.30443489
     35425,     48732.4600,       2.79470853,       2.10000000,       1.83513600,       1.37895797
     42510,     48207.1300,       2.79470825,       2.10000000,       1.85513400,       1.39398501
     51012,     47148.2000,       2.79471234,       2.10000000,       1.89680200,       1.42529309
     61214,     45420.0000,       2.79470690,       2.10000000,       1.96897000,       1.47952438
     73457,     43833.0900,       2.79471076,       2.10000000,       2.04025600,       1.53308802
     88148,     41063.3100,       2.79470914,       2.10000000,       2.17787400,       1.63649782
    105778,     38465.1900,       2.79470916,       2.10000000,       2.32497700,       1.74703392
    126934,     37310.2400,       2.79470856,       2.10000000,       2.39694700,       1.80111400
    152321,     35837.4800,       2.79471152,       2.10000000,       2.49545300,       1.87513139
    182785,     35012.3800,       2.79470992,       2.10000000,       2.55426000,       1.91932120
    219342,     34103.8200,       2.79471401,       2.10000000,       2.62231200,       1.97045393
    263210,     33622.2100,       2.79471235,       2.10000000,       2.65987200,       1.99867840
    315852,     32836.3600,       2.79423695,       2.10000000,       2.72306600,       2.04651170
    379022,     31408.5600,       2.79471287,       2.10000000,       2.84733800,       2.13954352
    454826,     31230.7100,       2.79471300,       2.10000000,       2.86355400,       2.15172843
    545791,     31442.9700,       2.79471127,       2.10000000,       2.84422100,       2.13720257
    654949,     31187.6800,       2.79471159,       2.10000000,       2.86750300,       2.15469687
    785939,     31494.4100,       2.79471457,       2.10000000,       2.83957900,       2.13371196
    943127,     31424.6700,       2.79471214,       2.10000000,       2.84587900,       2.13844776
   1131752,     31526.4600,       2.79471441,       2.10000000,       2.83669200,       2.13154274
   1358102,     31397.8200,       2.79471808,       2.10000000,       2.84831800,       2.14027591
   1629722,     31298.1900,       2.79471175,       2.10000000,       2.85737900,       2.14708938
   1955666,     31170.9700,       2.79471161,       2.10000000,       2.86904000,       2.15585178
   2346799,     31281.4800,       2.79471478,       2.10000000,       2.85890800,       2.14823596
   2816159,     31530.4400,       2.79471244,       2.10000000,       2.83633200,       2.13127373
   3379391,     31329.5500,       2.79471731,       2.10000000,       2.85452400,       2.14493980
   4055269,     31383.3600,       2.79471867,       2.10000000,       2.84963100,       2.14126208
   4866323,     31277.7800,       2.79471698,       2.10000000,       2.85924800,       2.14848975
   5839588,     31317.3500,       2.79400708,       2.10000000,       2.85491000,       2.14577517
