  Size(KB),       Bw(MB/s),    nominal_clock,     actual_clock,   cy_nominal/LUP,           cy/LUP
         5,    124036.4200,       2.40001685,       2.20000000,       0.46438300,       0.42568143
         6,    125945.3500,       2.40001626,       2.20000000,       0.45734400,       0.41922916
         7,    128100.2500,       2.40001116,       2.20000000,       0.44965000,       0.41217725
         8,    124787.2700,       2.39988886,       2.20000000,       0.46156400,       0.42311993
        10,    131702.4100,       2.40001590,       2.20000000,       0.43735300,       0.40090426
        12,    132970.9500,       2.40001422,       2.20000000,       0.43318000,       0.39707931
        14,    134068.2300,       2.40001214,       2.20000000,       0.42963400,       0.39382918
        17,    135251.2100,       2.40000380,       2.20000000,       0.42587500,       0.39038480
        20,    135926.0800,       2.40001304,       2.20000000,       0.42376200,       0.38844639
        24,    133679.5100,       2.40001732,       2.20000000,       0.43088400,       0.39497415
        29,    134362.7900,       2.40001108,       2.20000000,       0.42869200,       0.39296585
        35,    111123.8300,       2.40001137,       2.20000000,       0.51834300,       0.47514550
        42,     84989.9100,       2.40001385,       2.20000000,       0.67773100,       0.62124983
        50,     84569.0800,       2.40001314,       2.20000000,       0.68110400,       0.62434192
        60,     84583.7300,       2.39997936,       2.20000000,       0.68097600,       0.62423337
        72,     85539.0300,       2.40000925,       2.20000000,       0.67337900,       0.61726170
        86,     86053.4100,       2.40001168,       2.20000000,       0.66935500,       0.61357243
       103,     86397.3100,       2.40001497,       2.20000000,       0.66669200,       0.61113052
       124,     86319.2100,       2.40000625,       2.20000000,       0.66729200,       0.61168274
       149,     86379.3300,       2.40001650,       2.20000000,       0.66683100,       0.61125755
       179,     86186.0800,       2.40001733,       2.20000000,       0.66832600,       0.61262774
       215,     86345.4200,       2.40001549,       2.20000000,       0.66709200,       0.61149705
       258,     86278.6600,       2.40001754,       2.20000000,       0.66760900,       0.61197045
       310,     86138.5100,       2.40001088,       2.20000000,       0.66869400,       0.61296672
       372,     86152.1400,       2.39984439,       2.20000000,       0.66854100,       0.61286899
       446,     85749.6100,       2.40001041,       2.20000000,       0.67172600,       0.61574616
       535,     85358.8000,       2.40001490,       2.20000000,       0.67480300,       0.61856558
       642,     81112.0800,       2.39984778,       2.20000000,       0.71008300,       0.65095070
       770,     78659.0800,       2.40001576,       2.20000000,       0.73227900,       0.67125134
       924,     71996.7000,       2.39996987,       2.20000000,       0.80002700,       0.73336729
      1109,     55563.2000,       2.40001191,       2.20000000,       1.03666300,       0.95026970
      1331,     44100.8700,       2.39999637,       2.20000000,       1.30609500,       1.19725556
      1597,     37111.2300,       2.40001563,       2.20000000,       1.55210100,       1.42274998
      1916,     33739.8300,       2.40001802,       2.20000000,       1.70719400,       1.56491608
      2299,     33174.5400,       2.40000986,       2.20000000,       1.73627800,       1.59158163
      2759,     33115.0600,       2.40001270,       2.20000000,       1.73939900,       1.59444065
      3311,     33130.6100,       2.40000448,       2.20000000,       1.73857700,       1.59369261
      3973,     33126.8600,       2.40001456,       2.20000000,       1.73878100,       1.59387291
      4768,     33136.4100,       2.40001681,       2.20000000,       1.73828100,       1.59341309
      5722,     33136.5400,       2.40001394,       2.20000000,       1.73827300,       1.59340766
      6866,     33131.3100,       2.40001612,       2.20000000,       1.73854800,       1.59365829
      8239,     33085.4400,       2.39999968,       2.20000000,       1.74094700,       1.59586830
      9887,     32839.8100,       2.40001454,       2.20000000,       1.75398000,       1.60780526
     11864,     32029.8900,       2.40001362,       2.20000000,       1.79833000,       1.64845981
     14237,     29879.7100,       2.40001665,       2.20000000,       1.92774300,       1.76708549
     17084,     27736.3400,       2.40001368,       2.20000000,       2.07671000,       1.90363999
     20501,     26512.0100,       2.40001605,       2.20000000,       2.17261500,       1.99155043
     24601,     25626.7800,       2.39999073,       2.20000000,       2.24764000,       2.06034462
     29521,     24677.1300,       2.40000695,       2.20000000,       2.33415200,       2.13963313
     35425,     24191.7100,       2.40001375,       2.20000000,       2.38099500,       2.18256624
     42510,     23592.8200,       2.40001256,       2.20000000,       2.44143300,       2.23796854
     51012,     23085.3700,       2.40001258,       2.20000000,       2.49510000,       2.28716302
     61214,     22909.4200,       2.39998946,       2.20000000,       2.51423900,       2.30472920
     73457,     22768.2600,       2.39997756,       2.20000000,       2.52981300,       2.31901693
     88148,     22029.5700,       2.40001196,       2.20000000,       2.61468100,       2.39677897
    105778,     22479.1200,       2.39999455,       2.20000000,       2.56237200,       2.34884633
    126934,     22477.3700,       2.40001156,       2.20000000,       2.56259000,       2.34902951
    152321,     22442.0600,       2.40001360,       2.20000000,       2.56662300,       2.35272442
    182785,     22120.1100,       2.40001396,       2.20000000,       2.60398100,       2.38696870
    219342,     22169.3300,       2.40000390,       2.20000000,       2.59818800,       2.38166846
    263210,     22062.5100,       2.39999392,       2.20000000,       2.61075800,       2.39320090
    315852,     22083.3800,       2.40001388,       2.20000000,       2.60831100,       2.39093792
    379022,     22149.3100,       2.39999643,       2.20000000,       2.60052800,       2.38382088
    454826,     22061.3600,       2.40001380,       2.20000000,       2.61091500,       2.39332499
    545791,     22145.3600,       2.40001547,       2.20000000,       2.60101300,       2.38424655
    654949,     22240.4200,       2.40000504,       2.20000000,       2.58988500,       2.37405627
    785939,     22108.9900,       2.39998310,       2.20000000,       2.60525700,       2.38816907
    943127,     21761.1600,       2.40001462,       2.20000000,       2.64693400,       2.42634139
   1131752,     21806.6600,       2.40000661,       2.20000000,       2.64140200,       2.42127850
   1358102,     21855.0300,       2.40001544,       2.20000000,       2.63556600,       2.41591995
   1629722,     21979.1900,       2.39999948,       2.20000000,       2.62066000,       2.40227218
   1955666,     21967.5300,       2.39992708,       2.20000000,       2.62197200,       2.40354736
   2346799,     22054.0100,       2.40001454,       2.20000000,       2.61178600,       2.39412266
   2816159,     22041.2100,       2.40000300,       2.20000000,       2.61328900,       2.39551192
   3379391,     21900.8200,       2.39999943,       2.20000000,       2.63003800,       2.41086874
   4055269,     21836.8800,       2.40001384,       2.20000000,       2.63775400,       2.41792722
   4866323,     22089.0100,       2.40001042,       2.20000000,       2.60764300,       2.39032904
   5839588,     21986.8600,       2.40000262,       2.20000000,       2.61974900,       2.40143396
