  Size(KB),       Bw(MB/s),    nominal_clock,     actual_clock,   cy_nominal/LUP,           cy/LUP
         5,     67188.3600,       2.39999564,       2.20000000,       0.28576300,       0.26194989
         6,     67710.0100,       2.39981657,       2.20000000,       0.28354100,       0.25993245
         7,     68078.3200,       2.40001104,       2.20000000,       0.28202900,       0.25852539
         8,     63628.3900,       2.40001225,       2.20000000,       0.30175400,       0.27660642
        10,     68537.1100,       2.40001049,       2.20000000,       0.28014100,       0.25679479
        12,     65103.4500,       2.40001463,       2.20000000,       0.29491700,       0.27033893
        14,     69017.9600,       2.40001423,       2.20000000,       0.27819000,       0.25500599
        17,     69225.0600,       2.40001487,       2.20000000,       0.27735800,       0.25424326
        20,     69394.1500,       2.39999047,       2.20000000,       0.27667900,       0.25362342
        24,     69250.8700,       2.40001674,       2.20000000,       0.27725500,       0.25414864
        29,     60672.5400,       2.40001169,       2.20000000,       0.31645400,       0.29008142
        35,     36995.9800,       2.40000326,       2.20000000,       0.51897600,       0.47572735
        42,     38127.2400,       2.40001091,       2.20000000,       0.50357900,       0.46161199
        50,     37542.4100,       2.40001131,       2.20000000,       0.51142400,       0.46880312
        60,     38471.3200,       2.40001258,       2.20000000,       0.49907600,       0.45748394
        72,     38860.0000,       2.40001489,       2.20000000,       0.49408400,       0.45290752
        86,     38376.6900,       2.40000052,       2.20000000,       0.50030400,       0.45861190
       103,     38443.1300,       2.40001555,       2.20000000,       0.49944200,       0.45781887
       124,     40296.7400,       2.39997276,       2.20000000,       0.47646000,       0.43675996
       149,     40443.8700,       2.39985366,       2.20000000,       0.47470300,       0.43517095
       179,     40586.3300,       2.39986288,       2.20000000,       0.47303900,       0.43364386
       215,     41631.9100,       2.39996844,       2.20000000,       0.46117900,       0.42275297
       258,     41294.6500,       2.40001281,       2.20000000,       0.46495400,       0.42620556
       310,     41320.8400,       2.40001591,       2.20000000,       0.46466000,       0.42593551
       372,     41449.4000,       2.39997547,       2.20000000,       0.46321100,       0.42461442
       446,     41557.3100,       2.40001610,       2.20000000,       0.46201600,       0.42351183
       535,     41732.9300,       2.39998797,       2.20000000,       0.46006600,       0.42172928
       642,     41463.6300,       2.39998167,       2.20000000,       0.46305300,       0.42446849
       770,     34918.9800,       2.40001591,       2.20000000,       0.54984800,       0.50402399
       924,     39670.4200,       2.40000089,       2.20000000,       0.48398800,       0.44365550
      1109,     29811.2200,       2.40001192,       2.20000000,       0.64405600,       0.59038173
      1331,     23903.5700,       2.40001321,       2.20000000,       0.80323200,       0.73629195
      1597,     20707.7100,       2.39999896,       2.20000000,       0.92719000,       0.84992454
      1916,     19615.3100,       2.39981713,       2.20000000,       0.97875300,       0.89725862
      2299,     19579.4600,       2.40001609,       2.20000000,       0.98062600,       0.89890114
      2759,     19480.1900,       2.40001140,       2.20000000,       0.98562100,       0.90348163
      3311,     19486.5500,       2.39997257,       2.20000000,       0.98528400,       0.90318732
      3973,     19489.8400,       2.39981192,       2.20000000,       0.98505200,       0.90303510
      4768,     19462.5200,       2.40001094,       2.20000000,       0.98651600,       0.90430221
      5722,     19496.9400,       2.39999961,       2.20000000,       0.98477000,       0.90270598
      6866,     19490.2800,       2.40001363,       2.20000000,       0.98511200,       0.90301421
      8239,     19379.3900,       2.39998407,       2.20000000,       0.99073700,       0.90818161
      9887,     18817.5900,       2.39999324,       2.20000000,       1.02031900,       0.93529505
     11864,     18448.8800,       2.40001626,       2.20000000,       1.04072100,       0.95398779
     14237,     16407.3800,       2.40001417,       2.20000000,       1.17021200,       1.07268800
     17084,     14370.7800,       2.40001157,       2.20000000,       1.33605100,       1.22470751
     20501,     13570.6900,       2.40001066,       2.20000000,       1.41482000,       1.29691257
     24601,     13082.1100,       2.40001008,       2.20000000,       1.46766000,       1.34534935
     29521,     12821.9400,       2.40001156,       2.20000000,       1.49744000,       1.37264672
     35425,     12686.4000,       2.40000827,       2.20000000,       1.51343700,       1.38731247
     42510,     12599.4500,       2.40001898,       2.20000000,       1.52388800,       1.39688629
     51012,     12524.5300,       2.39998911,       2.20000000,       1.53298500,       1.40524263
     61214,     12353.3300,       2.40000686,       2.20000000,       1.55424100,       1.42471684
     73457,     12279.4600,       2.40000229,       2.20000000,       1.56358900,       1.43328855
     88148,     12197.0500,       2.40001480,       2.20000000,       1.57416000,       1.44297110
    105778,     12162.0800,       2.40001134,       2.20000000,       1.57868400,       1.44712016
    126934,     12108.2100,       2.39998655,       2.20000000,       1.58569300,       1.45356006
    152321,     12118.6100,       2.40001296,       2.20000000,       1.58434800,       1.45231116
    182785,     12100.3500,       2.40001282,       2.20000000,       1.58673900,       1.45450298
    219342,     12095.2100,       2.39999467,       2.20000000,       1.58740200,       1.45512173
    263210,     12089.5700,       2.40001553,       2.20000000,       1.58815700,       1.45580116
    315852,     12073.0600,       2.40000005,       2.20000000,       1.59031800,       1.45779147
    379022,     12068.9800,       2.40001418,       2.20000000,       1.59086400,       1.45828338
    454826,     12052.1800,       2.40001622,       2.20000000,       1.59308300,       1.46031621
    545791,     12055.4600,       2.39996624,       2.20000000,       1.59261700,       1.45991945
    654949,     12046.2600,       2.40001315,       2.20000000,       1.59386400,       1.46103400
    785939,     12040.4700,       2.40001708,       2.20000000,       1.59463400,       1.46173743
    943127,     12030.6900,       2.40001017,       2.20000000,       1.59592500,       1.46292505
   1131752,     12039.7200,       2.40001284,       2.20000000,       1.59473000,       1.46182801
   1358102,     12030.0700,       2.40000878,       2.20000000,       1.59600700,       1.46300106
   1629722,     12028.2900,       2.39999734,       2.20000000,       1.59623500,       1.46321704
   1955666,     12016.7600,       2.40001574,       2.20000000,       1.59777900,       1.46462115
   2346799,     12019.4700,       2.40001082,       2.20000000,       1.59741600,       1.46429140
   2816159,     12014.7900,       2.40001792,       2.20000000,       1.59804300,       1.46486181
   3379391,     12015.7700,       2.40001196,       2.20000000,       1.59790800,       1.46474170
   4055269,     12010.9400,       2.39994395,       2.20000000,       1.59850600,       1.46533139
   4866323,     12011.6800,       2.39998215,       2.20000000,       1.59843200,       1.46524023
   5839588,     12015.0500,       2.39998030,       2.20000000,       1.59798300,       1.46482978
