  Size(KB),       Bw(MB/s),    nominal_clock,     actual_clock,   cy_nominal/LUP,           cy/LUP
         5,    201314.1900,       2.49408550,       2.40000000,       0.09911200,       0.09537315
         6,    211486.1300,       2.49408726,       2.40000000,       0.09434500,       0.09078592
         7,    217627.5700,       2.49408735,       2.40000000,       0.09168300,       0.08822434
         8,    222946.0700,       2.49408571,       2.40000000,       0.08949600,       0.08611990
        10,    235055.2200,       2.49408410,       2.40000000,       0.08488500,       0.08168289
        12,    239337.4700,       2.49408375,       2.40000000,       0.08336600,       0.08022120
        14,    245426.4400,       2.49408870,       2.40000000,       0.08129800,       0.07823106
        17,    251758.5800,       2.49408077,       2.40000000,       0.07925300,       0.07626345
        20,    240164.0900,       2.49408714,       2.40000000,       0.08307900,       0.07994492
        24,    259103.7800,       2.49408373,       2.40000000,       0.07700600,       0.07410112
        29,    240852.2300,       2.49407934,       2.40000000,       0.08284200,       0.07971711
        35,    123240.3500,       2.49408207,       2.40000000,       0.16190000,       0.15579279
        42,     98666.4500,       2.49408395,       2.40000000,       0.20222300,       0.19459457
        50,    100266.0000,       2.49408525,       2.40000000,       0.19899700,       0.19149017
        60,     98175.6500,       2.49404979,       2.40000000,       0.20323200,       0.19556819
        72,    106732.1600,       2.49407930,       2.40000000,       0.18694100,       0.17988939
        86,    101242.6500,       2.49408692,       2.40000000,       0.19707800,       0.18964343
       103,     99156.0600,       2.49408587,       2.40000000,       0.20122500,       0.19363407
       124,    104284.4300,       2.49408453,       2.40000000,       0.19132900,       0.18411148
       149,     99984.3500,       2.49408549,       2.40000000,       0.19955800,       0.19202999
       179,    109189.0200,       2.49408488,       2.40000000,       0.18273500,       0.17584165
       215,    104013.3000,       2.49408146,       2.40000000,       0.19182800,       0.18459189
       258,    106119.8400,       2.49408612,       2.40000000,       0.18802000,       0.18092719
       310,    101173.9300,       2.49408239,       2.40000000,       0.19721100,       0.18977176
       372,    100745.3000,       2.49408463,       2.40000000,       0.19805100,       0.19057990
       446,    101108.7200,       2.49408532,       2.40000000,       0.19733900,       0.18989471
       535,     99932.6100,       2.49408561,       2.40000000,       0.19966100,       0.19212909
       642,     96998.1300,       2.49408625,       2.40000000,       0.20570200,       0.19794215
       770,     91234.7200,       2.49408899,       2.40000000,       0.21869600,       0.21044574
       924,     67452.1300,       2.49408501,       2.40000000,       0.29580500,       0.28464627
      1109,     43791.5100,       2.49407224,       2.40000000,       0.45562700,       0.43844151
      1331,     30965.5100,       2.49408558,       2.40000000,       0.64435200,       0.62004480
      1597,     25495.8800,       2.49408655,       2.40000000,       0.78258500,       0.75306288
      1916,     23129.3600,       2.49405270,       2.40000000,       0.86264500,       0.83011397
      2299,     22566.7000,       2.49399039,       2.40000000,       0.88413100,       0.85081098
      2759,     22497.9800,       2.49408794,       2.40000000,       0.88686600,       0.85340952
      3311,     22495.2800,       2.49408763,       2.40000000,       0.88697300,       0.85351259
      3973,     22496.2000,       2.49408625,       2.40000000,       0.88693600,       0.85347746
      4768,     22497.4000,       2.49408278,       2.40000000,       0.88688800,       0.85343246
      5722,     22498.0200,       2.49408494,       2.40000000,       0.88686400,       0.85340862
      6866,     22498.2800,       2.49400359,       2.40000000,       0.88682500,       0.85339893
      8239,     22496.2600,       2.49408517,       2.40000000,       0.88693300,       0.85347495
      9887,     22488.9700,       2.49404708,       2.40000000,       0.88720700,       0.85375165
     11864,     22447.1000,       2.49408381,       2.40000000,       0.88887500,       0.85534415
     14237,     21891.3300,       2.49408235,       2.40000000,       0.91144100,       0.87705941
     17084,     19937.4600,       2.49405742,       2.40000000,       1.00075200,       0.96301103
     20501,     17895.4000,       2.49408391,       2.40000000,       1.11496100,       1.07290151
     24601,     16527.8600,       2.49408705,       2.40000000,       1.20721600,       1.16167493
     29521,     15540.3200,       2.49408696,       2.40000000,       1.28393100,       1.23549598
     35425,     14798.2300,       2.49408374,       2.40000000,       1.34831400,       1.29745186
     42510,     14231.5600,       2.49407114,       2.40000000,       1.40199400,       1.34911372
     51012,     13800.8000,       2.49408706,       2.40000000,       1.44576300,       1.39122297
     61214,     13467.4500,       2.49408554,       2.40000000,       1.48154800,       1.42565888
     73457,     13206.8400,       2.49408637,       2.40000000,       1.51078400,       1.45379151
     88148,     12999.6900,       2.49408564,       2.40000000,       1.53485900,       1.47695875
    105778,     12838.3400,       2.49408255,       2.40000000,       1.55414600,       1.49552003
    126934,     12731.9300,       2.49408403,       2.40000000,       1.56713700,       1.50802008
    152321,     12675.7400,       2.49408944,       2.40000000,       1.57408700,       1.51470462
    182785,     12641.6000,       2.49407220,       2.40000000,       1.57832700,       1.51879517
    219342,     12611.5500,       2.49408488,       2.40000000,       1.58209600,       1.52241426
    263210,     12591.6300,       2.49408732,       2.40000000,       1.58460000,       1.52482231
    315852,     12574.4800,       2.49405413,       2.40000000,       1.58674000,       1.52690190
    379022,     12560.7400,       2.49408464,       2.40000000,       1.58849500,       1.52857202
    454826,     12550.6100,       2.49408540,       2.40000000,       1.58977800,       1.52980616
    545791,     12543.2000,       2.49408537,       2.40000000,       1.59071700,       1.53070976
    654949,     12536.8300,       2.49408827,       2.40000000,       1.59152700,       1.53148742
    785939,     12531.7400,       2.49407116,       2.40000000,       1.59216300,       1.53210994
    943127,     12527.8600,       2.49396982,       2.40000000,       1.59259100,       1.53258407
   1131752,     12526.0800,       2.49408578,       2.40000000,       1.59289200,       1.53280245
   1358102,     12520.7300,       2.49408912,       2.40000000,       1.59357500,       1.53345763
   1629722,     12518.7300,       2.49408626,       2.40000000,       1.59382800,       1.53370285
   1955666,     12514.0400,       2.49403510,       2.40000000,       1.59439200,       1.53427704
