  Size(KB),       Bw(MB/s),    nominal_clock,     actual_clock,   cy_nominal/LUP,           cy/LUP
         5,    164799.3300,       2.49408835,       2.40000000,       0.48429100,       0.46602134
         6,    188658.5500,       2.49408205,       2.40000000,       0.42304300,       0.40708492
         7,    205518.7700,       2.49408578,       2.40000000,       0.38833800,       0.37368851
         8,    219961.7600,       2.49408681,       2.40000000,       0.36283900,       0.34915128
        10,    230708.3700,       2.49402236,       2.40000000,       0.34592900,       0.33288779
        12,    238466.0200,       2.49408575,       2.40000000,       0.33468400,       0.32205853
        14,    229182.4200,       2.49408492,       2.40000000,       0.34824100,       0.33510423
        17,    239310.7200,       2.49407307,       2.40000000,       0.33350100,       0.32092179
        20,    227671.1100,       2.49408429,       2.40000000,       0.35055300,       0.33732910
        24,    254541.8900,       2.49408578,       2.40000000,       0.31354700,       0.30171889
        29,    250380.9500,       2.49408432,       2.40000000,       0.31875700,       0.30673253
        35,    190252.8300,       2.49408356,       2.40000000,       0.41949800,       0.40367340
        42,    109863.6500,       2.49408410,       2.40000000,       0.72645200,       0.69904812
        50,     80639.3700,       2.49408916,       2.40000000,       0.98972600,       0.95238873
        60,     78847.9800,       2.49408973,       2.40000000,       1.01221200,       0.97402622
        72,     78075.1300,       2.49408229,       2.40000000,       1.02222900,       0.98366827
        86,     76049.6200,       2.49408340,       2.40000000,       1.04945500,       1.00986679
       103,     76304.0800,       2.49405023,       2.40000000,       1.04594200,       1.00649970
       124,     78611.9800,       2.49408710,       2.40000000,       1.01525000,       0.97695064
       149,     78882.3700,       2.49408753,       2.40000000,       1.01177000,       0.97360176
       179,     77811.3600,       2.49408260,       2.40000000,       1.02569400,       0.98700243
       215,     78278.5500,       2.49408652,       2.40000000,       1.01957400,       0.98111176
       258,     77283.6100,       2.49408654,       2.40000000,       1.03270000,       0.99374258
       310,     77953.3300,       2.49408508,       2.40000000,       1.02382700,       0.98520489
       372,     79525.6500,       2.49408456,       2.40000000,       1.00358400,       0.96572572
       446,     80203.3300,       2.49405898,       2.40000000,       0.99509400,       0.95756581
       535,     79366.6700,       2.49408248,       2.40000000,       1.00559400,       0.96766070
       642,     79449.8700,       2.49404607,       2.40000000,       1.00452600,       0.96664710
       770,     77258.1100,       2.49407475,       2.40000000,       1.03303600,       0.99407061
       924,     62694.8900,       2.49408466,       2.40000000,       1.27300200,       1.22498039
      1109,     45774.6400,       2.49407879,       2.40000000,       1.74355300,       1.67778469
      1331,     32895.0600,       2.49408792,       2.40000000,       2.42622500,       2.33469717
      1597,     26188.5200,       2.49408797,       2.40000000,       3.04755000,       2.93258300
      1916,     23697.2400,       2.49408653,       2.40000000,       3.36793500,       3.24088355
      2299,     22757.2000,       2.49408367,       2.40000000,       3.50705200,       3.37475638
      2759,     22511.3500,       2.49408615,       2.40000000,       3.54535700,       3.41161302
      3311,     22500.5700,       2.49408447,       2.40000000,       3.54705300,       3.41324735
      3973,     22501.2000,       2.49408609,       2.40000000,       3.54695500,       3.41315083
      4768,     22503.5900,       2.49408549,       2.40000000,       3.54657900,       3.41278984
      5722,     22451.6600,       2.49408714,       2.40000000,       3.55478300,       3.42068209
      6866,     22321.0200,       2.49408568,       2.40000000,       3.57558700,       3.44070329
      8239,     22385.3600,       2.49408853,       2.40000000,       3.56531300,       3.43081293
      9887,     21780.3300,       2.49408615,       2.40000000,       3.66435100,       3.52611814
     11864,     21757.9600,       2.49408636,       2.40000000,       3.66811800,       3.52974273
     14237,     21051.2600,       2.49406619,       2.40000000,       3.79122700,       3.64823710
     17084,     19340.9500,       2.49408595,       2.40000000,       4.12651600,       3.97084888
     20501,     18167.5300,       2.49406657,       2.40000000,       4.39301000,       4.22732261
     24601,     17134.2800,       2.49408197,       2.40000000,       4.65795100,       4.48224337
     29521,     16401.7900,       2.49408679,       2.40000000,       4.86598000,       4.68241605
     35425,     15903.3300,       2.49408321,       2.40000000,       5.01848900,       4.82917873
     42510,     15602.1600,       2.49408745,       2.40000000,       5.11536700,       4.92239389
     51012,     15214.6700,       2.49408400,       2.40000000,       5.24564100,       5.04776038
     61214,     15018.3100,       2.49408241,       2.40000000,       5.31422400,       5.11375950
     73457,     14900.7500,       2.49408599,       2.40000000,       5.35615700,       5.15410328
     88148,     14817.2900,       2.49408470,       2.40000000,       5.38632300,       5.18313400
    105778,     14714.1500,       2.49408408,       2.40000000,       5.42407600,       5.21946413
    126934,     14678.9600,       2.49408461,       2.40000000,       5.43708100,       5.23197743
    152321,     14610.0800,       2.49408539,       2.40000000,       5.46271600,       5.25664376
    182785,     14666.3800,       2.49408855,       2.40000000,       5.44175300,       5.23646492
    219342,     14637.8600,       2.49408185,       2.40000000,       5.45234400,       5.24667048
    263210,     14606.9100,       2.49408037,       2.40000000,       5.46389100,       5.25778503
    315852,     14610.8200,       2.49408362,       2.40000000,       5.46243800,       5.25637997
    379022,     14583.6000,       2.49408585,       2.40000000,       5.47263600,       5.26618858
    454826,     14581.9300,       2.49408571,       2.40000000,       5.47326200,       5.26679126
    545791,     14573.4300,       2.49408976,       2.40000000,       5.47646400,       5.26986391
    654949,     14607.8700,       2.49408378,       2.40000000,       5.46354000,       5.25744007
    785939,     14569.6200,       2.49408325,       2.40000000,       5.47788100,       5.27124121
    943127,     14582.3900,       2.49407820,       2.40000000,       5.47307300,       5.26662523
   1131752,     14600.8500,       2.49408545,       2.40000000,       5.46617100,       5.25996829
   1358102,     14595.8400,       2.49406984,       2.40000000,       5.46801400,       5.26177471
   1629722,     14580.1200,       2.49408576,       2.40000000,       5.47394400,       5.26744741
   1955666,     14564.4000,       2.49408506,       2.40000000,       5.47985100,       5.27313306
