  Size(KB),       Bw(MB/s),    nominal_clock,     actual_clock,   cy_nominal/LUP,           cy/LUP
         5,    117343.2600,       2.39433459,       1.80000000,       0.32647300,       0.24543412
         6,    118432.0400,       2.39433448,       1.80000000,       0.32347100,       0.24317730
         7,    121312.1500,       2.39433589,       1.80000000,       0.31579200,       0.23740428
         8,    122884.6300,       2.39433353,       1.80000000,       0.31175000,       0.23436584
        10,    121248.7200,       2.39433460,       1.80000000,       0.31595700,       0.23752846
        12,    123478.5800,       2.39430452,       1.80000000,       0.31024700,       0.23323875
        14,    123406.6700,       2.39432469,       1.80000000,       0.31043000,       0.23337436
        17,    123354.6000,       2.39413359,       1.80000000,       0.31053700,       0.23347344
        20,    124418.9400,       2.39433156,       1.80000000,       0.30790600,       0.23147621
        24,    125062.8100,       2.39433593,       1.80000000,       0.30632100,       0.23028423
        29,    125635.9200,       2.39433197,       1.80000000,       0.30492300,       0.22923363
        35,    125918.1900,       2.39433297,       1.80000000,       0.30424000,       0.22872007
        42,    125455.0600,       2.39433696,       1.80000000,       0.30536300,       0.22956393
        50,    123082.1300,       2.39433463,       1.80000000,       0.31125000,       0.23398985
        60,     91953.9800,       2.39429117,       1.80000000,       0.41660700,       0.31320025
        72,     81791.1000,       2.39433457,       1.80000000,       0.46838000,       0.35211620
        86,     81328.6000,       2.39433566,       1.80000000,       0.47104400,       0.35411877
       103,     81630.0900,       2.39429543,       1.80000000,       0.46929700,       0.35281135
       124,     81877.0000,       2.39433080,       1.80000000,       0.46788800,       0.35174689
       149,     81901.1400,       2.39433535,       1.80000000,       0.46775100,       0.35164322
       179,     82088.5700,       2.39433297,       1.80000000,       0.46668300,       0.35084068
       215,     82274.1800,       2.39433058,       1.80000000,       0.46563000,       0.35004941
       258,     82426.1600,       2.39433559,       1.80000000,       0.46477200,       0.34940365
       310,     82456.5300,       2.39419350,       1.80000000,       0.46457300,       0.34927478
       372,     82553.5300,       2.39433383,       1.80000000,       0.46405500,       0.34886489
       446,     82554.8500,       2.39433310,       1.80000000,       0.46404700,       0.34885898
       535,     82644.8000,       2.39433287,       1.80000000,       0.46354200,       0.34847937
       642,     82707.5200,       2.39433247,       1.80000000,       0.46319000,       0.34821480
       770,     82790.1800,       2.39433491,       1.80000000,       0.46272800,       0.34786712
       924,     81393.1500,       2.39433451,       1.80000000,       0.47067000,       0.35383778
      1109,     50150.4300,       2.39433458,       1.80000000,       0.76388900,       0.57427237
      1331,     44619.4300,       2.39433701,       1.80000000,       0.85858100,       0.64545876
      1597,     31131.5200,       2.39433353,       1.80000000,       1.23056400,       0.92510721
      1916,     25490.7500,       2.39433428,       1.80000000,       1.50287200,       1.12982119
      2299,     23555.4700,       2.39433547,       1.80000000,       1.62634700,       1.22264596
      2759,     23222.2400,       2.39433524,       1.80000000,       1.64968400,       1.24019024
      3311,     23181.9200,       2.39433619,       1.80000000,       1.65255400,       1.24234734
      3973,     22912.3600,       2.39433527,       1.80000000,       1.67199600,       1.25696382
      4768,     23193.2400,       2.39433393,       1.80000000,       1.65174600,       1.24174108
      5722,     23194.6100,       2.39433534,       1.80000000,       1.65165000,       1.24166818
      6866,     23194.2200,       2.39433576,       1.80000000,       1.65167800,       1.24168901
      8239,     23194.4500,       2.39430287,       1.80000000,       1.65163800,       1.24167600
      9887,     23196.4800,       2.39426403,       1.80000000,       1.65146700,       1.24156758
     11864,     23201.8000,       2.39433415,       1.80000000,       1.65113700,       1.24128314
     14237,     23187.2500,       2.39429251,       1.80000000,       1.65214400,       1.24206177
     17084,     23166.0500,       2.39433159,       1.80000000,       1.65368300,       1.24319848
     20501,     22773.4100,       2.39433335,       1.80000000,       1.68219600,       1.26463293
     24601,     22576.6000,       2.39433237,       1.80000000,       1.69686000,       1.27565748
     29521,     20827.0300,       2.39433350,       1.80000000,       1.83940400,       1.38281789
     35425,     19142.3400,       2.39433421,       1.80000000,       2.00128800,       1.50451779
     42510,     16988.7800,       2.39426689,       1.80000000,       2.25491500,       1.69523582
     51012,     16054.3800,       2.39433454,       1.80000000,       2.38622400,       1.79390270
     61214,     15520.4000,       2.39433587,       1.80000000,       2.46832300,       1.85562161
     73457,     14504.9200,       2.39433310,       1.80000000,       2.64112700,       1.98553351
     88148,     14069.1700,       2.39433257,       1.80000000,       2.72292600,       2.04702842
    105778,     13952.0000,       2.39433393,       1.80000000,       2.74579700,       2.06422109
    126934,     13370.1400,       2.39433353,       1.80000000,       2.86529200,       2.15405478
    152321,     13301.0400,       2.39433545,       1.80000000,       2.88017800,       2.16524397
    182785,     12993.9900,       2.39433569,       1.80000000,       2.94823700,       2.21640876
    219342,     12773.7600,       2.39426384,       1.80000000,       2.99897700,       2.25462144
    263210,     12791.8600,       2.39433521,       1.80000000,       2.99482300,       2.25143137
    315852,     12813.7900,       2.39433081,       1.80000000,       2.98969400,       2.24757964
    379022,     12652.9600,       2.39432861,       1.80000000,       3.02769200,       2.27614772
    454826,     12623.2600,       2.39433282,       1.80000000,       3.03482100,       2.28150312
    545791,     12574.0300,       2.39433441,       1.80000000,       3.04670500,       2.29043569
    654949,     12667.1800,       2.39433180,       1.80000000,       3.02429600,       2.27359165
    785939,     12467.6300,       2.39432970,       1.80000000,       3.07269800,       2.30998112
    943127,     12366.6100,       2.39433349,       1.80000000,       3.09780400,       2.32885153
   1131752,     12448.8600,       2.39433352,       1.80000000,       3.07733700,       2.31346492
   1358102,     12363.9800,       2.39431956,       1.80000000,       3.09844600,       2.32934771
   1629722,     12641.6200,       2.39433066,       1.80000000,       3.03040900,       2.27818834
   1955666,     12383.7600,       2.39433399,       1.80000000,       3.09351400,       2.32562592
   2346799,     12472.4200,       2.39433235,       1.80000000,       3.07152200,       2.30909447
   2816159,     12429.5100,       2.39433467,       1.80000000,       3.08212900,       2.31706631
   3379391,     12496.5300,       2.39433361,       1.80000000,       3.06559700,       2.30463899
   4055269,     12419.5700,       2.39433497,       1.80000000,       3.08459700,       2.31892140
   4866323,     12471.6900,       2.39433409,       1.80000000,       3.07170500,       2.30923037
   5839588,     12375.6500,       2.39433538,       1.80000000,       3.09554500,       2.32715142
