  Size(KB),       Bw(MB/s),    nominal_clock,     actual_clock,   cy_nominal/LUP,           cy/LUP
         5,    114594.8700,       2.79471568,       2.10000000,       0.39020500,       0.29320711
         6,    117065.2300,       2.79471546,       2.10000000,       0.38197000,       0.28701920
         7,    118506.0800,       2.79471575,       2.10000000,       0.37732600,       0.28352959
         8,    121322.4200,       2.79471258,       2.10000000,       0.36856700,       0.27694823
        10,    123129.1200,       2.79471573,       2.10000000,       0.36315900,       0.27288425
        12,    124632.7300,       2.79471575,       2.10000000,       0.35877800,       0.26959228
        14,    125841.9300,       2.79471566,       2.10000000,       0.35533000,       0.26700140
        17,    127179.8600,       2.79471079,       2.10000000,       0.35159200,       0.26419306
        20,    128165.6200,       2.79471121,       2.10000000,       0.34888700,       0.26216043
        24,    129047.7900,       2.79471702,       2.10000000,       0.34650300,       0.26036851
        29,    126238.4400,       2.79471161,       2.10000000,       0.35421400,       0.26616321
        35,    104700.0900,       2.79471519,       2.10000000,       0.42708100,       0.32091646
        42,     66148.0400,       2.79471884,       2.10000000,       0.67599100,       0.50795131
        50,     65063.8100,       2.79471572,       2.10000000,       0.68725500,       0.51641585
        60,     65322.9700,       2.79471743,       2.10000000,       0.68452900,       0.51436717
        72,     65608.8100,       2.79471388,       2.10000000,       0.68154600,       0.51212634
        86,     65836.7600,       2.79471704,       2.10000000,       0.67918700,       0.51035317
       103,     66014.4200,       2.79470543,       2.10000000,       0.67735600,       0.50897944
       124,     66185.6900,       2.79471653,       2.10000000,       0.67560600,       0.50766244
       149,     66314.2800,       2.79471131,       2.10000000,       0.67429500,       0.50667827
       179,     66400.1200,       2.79390121,       2.10000000,       0.67322800,       0.50602319
       215,     66526.4000,       2.79469176,       2.10000000,       0.67214000,       0.50506250
       258,     66416.4200,       2.79471207,       2.10000000,       0.67325800,       0.50589891
       310,     63074.4600,       2.79471910,       2.10000000,       0.70893200,       0.53270370
       372,     66571.7900,       2.79430198,       2.10000000,       0.67158800,       0.50471810
       446,     64001.7100,       2.79471096,       2.10000000,       0.69865900,       0.52498592
       535,     63227.5300,       2.79471271,       2.10000000,       0.70721400,       0.53141398
       642,     60034.9200,       2.79471449,       2.10000000,       0.74482400,       0.55967449
       770,     57606.9900,       2.79471317,       2.10000000,       0.77621500,       0.58326254
       924,     55645.4300,       2.79471604,       2.10000000,       0.80357800,       0.60382299
      1109,     54144.0500,       2.79469272,       2.10000000,       0.82585400,       0.62056676
      1331,     53669.3700,       2.79471587,       2.10000000,       0.83316500,       0.62605523
      1597,     53566.7400,       2.79471317,       2.10000000,       0.83476100,       0.62725510
      1916,     53592.7500,       2.79471611,       2.10000000,       0.83435700,       0.62695087
      2299,     53610.9100,       2.79471487,       2.10000000,       0.83407300,       0.62673775
      2759,     53618.4600,       2.79471311,       2.10000000,       0.83395500,       0.62664947
      3311,     53633.3100,       2.79471700,       2.10000000,       0.83372600,       0.62647653
      3973,     53596.0700,       2.79471720,       2.10000000,       0.83430500,       0.62691155
      4768,     53636.0100,       2.79471488,       2.10000000,       0.83368300,       0.62644469
      5722,     53869.6000,       2.79463291,       2.10000000,       0.83004400,       0.62372858
      6866,     53654.6400,       2.79467959,       2.10000000,       0.83338300,       0.62622717
      8239,     53724.3900,       2.79471713,       2.10000000,       0.83231200,       0.62541399
      9887,     53329.3200,       2.79461820,       2.10000000,       0.83844800,       0.63004700
     11864,     53837.8900,       2.79471265,       2.10000000,       0.83055600,       0.62409550
     14237,     53855.9500,       2.79471053,       2.10000000,       0.83027700,       0.62388633
     17084,     53757.8800,       2.79465516,       2.10000000,       0.83177500,       0.62502434
     20501,     53791.9000,       2.79471933,       2.10000000,       0.83126900,       0.62462977
     24601,     53789.4300,       2.79471683,       2.10000000,       0.83130600,       0.62465813
     29521,     52986.3900,       2.79471427,       2.10000000,       0.84390400,       0.63412508
     35425,     48457.6100,       2.79468850,       2.10000000,       0.92276600,       0.69338984
     42510,     45210.7500,       2.79471698,       2.10000000,       0.98904500,       0.74318599
     51012,     45587.6000,       2.79471683,       2.10000000,       0.98086900,       0.73704244
     61214,     44997.7300,       2.79471322,       2.10000000,       0.99372600,       0.74670438
     73457,     45049.4600,       2.79471110,       2.10000000,       0.99258400,       0.74584683
     88148,     42832.3800,       2.79471714,       2.10000000,       1.04396400,       0.78445306
    105778,     41651.5200,       2.79471289,       2.10000000,       1.07356000,       0.80669324
    126934,     41046.4300,       2.79471704,       2.10000000,       1.08938800,       0.81858548
    152321,     39985.3100,       2.79471343,       2.10000000,       1.11829600,       0.84030855
    182785,     39375.7300,       2.79471568,       2.10000000,       1.13560900,       0.85331718
    219342,     38273.8800,       2.79465552,       2.10000000,       1.16827700,       0.87788340
    263210,     37597.1600,       2.79471373,       2.10000000,       1.18933000,       0.89368474
    315852,     36962.1500,       2.79471568,       2.10000000,       1.20976300,       0.90903784
    379022,     36736.1400,       2.79471379,       2.10000000,       1.21720500,       0.91463051
    454826,     36514.4300,       2.79471305,       2.10000000,       1.22459500,       0.92018374
    545791,     35585.7300,       2.79463388,       2.10000000,       1.25651900,       0.94419878
    654949,     35287.3900,       2.79471769,       2.10000000,       1.26718000,       0.95218133
    785939,     35814.2600,       2.79471569,       2.10000000,       1.24853800,       0.93817407
    943127,     34872.6200,       2.79471383,       2.10000000,       1.28225000,       0.96350652
   1131752,     35061.1000,       2.79471727,       2.10000000,       1.27535900,       0.95832731
   1358102,     34971.9800,       2.79471345,       2.10000000,       1.27860700,       0.96076923
   1629722,     34940.7600,       2.79471791,       2.10000000,       1.27975100,       0.96162732
   1955666,     34935.7500,       2.79471515,       2.10000000,       1.27993400,       0.96176578
   2346799,     34839.4200,       2.79471606,       2.10000000,       1.28347300,       0.96442474
   2816159,     34966.7900,       2.79471758,       2.10000000,       1.27879900,       0.96091209
   3379391,     35052.0000,       2.79471643,       2.10000000,       1.27568900,       0.95857557
   4055269,     35138.7700,       2.79463879,       2.10000000,       1.27250400,       0.95620887
   4866323,     34867.7500,       2.79471683,       2.10000000,       1.28243000,       0.96364074
   5839588,     35233.9900,       2.79471527,       2.10000000,       1.26910000,       0.95362487
