  Size(KB),       Bw(MB/s),    nominal_clock,     actual_clock,   cy_nominal/LUP,           cy/LUP
         5,    129614.5500,       2.79471020,       2.10000000,       0.51748100,       0.38884536
         6,    132985.3500,       2.79468627,       2.10000000,       0.50436000,       0.37898923
         7,    137162.3500,       2.79468405,       2.10000000,       0.48900000,       0.36744762
         8,    139431.2400,       2.79471497,       2.10000000,       0.48104800,       0.36146828
        10,    143443.3700,       2.79470910,       2.10000000,       0.46759200,       0.35135793
        12,    141715.3500,       2.79471177,       2.10000000,       0.47329400,       0.35564219
        14,    146170.3300,       2.79470672,       2.10000000,       0.45886800,       0.34480284
        17,    150372.0400,       2.79470807,       2.10000000,       0.44604700,       0.33516871
        20,    151849.6800,       2.79471031,       2.10000000,       0.44170700,       0.33190728
        24,    152694.1500,       2.79467356,       2.10000000,       0.43925800,       0.33007139
        29,    150117.6100,       2.79471084,       2.10000000,       0.44680300,       0.33573645
        35,    142459.0900,       2.79470954,       2.10000000,       0.47082300,       0.35378571
        42,     92910.0800,       2.79471094,       2.10000000,       0.72191400,       0.54246018
        50,     71763.8800,       2.79470560,       2.10000000,       0.93463400,       0.70230346
        60,     68668.3800,       2.79471097,       2.10000000,       0.97676800,       0.73396241
        72,     67044.2100,       2.79470594,       2.10000000,       1.00042900,       0.75174310
        86,     66661.2000,       2.79471551,       2.10000000,       1.00618000,       0.75606193
       103,     66413.1600,       2.79471014,       2.10000000,       1.00993600,       0.75888571
       124,     66473.0700,       2.79471158,       2.10000000,       1.00902600,       0.75820153
       149,     66549.9500,       2.79471225,       2.10000000,       1.00786100,       0.75732595
       179,     66622.7500,       2.79471115,       2.10000000,       1.00675900,       0.75649818
       215,     66685.5700,       2.79470993,       2.10000000,       1.00581000,       0.75578541
       258,     65311.4800,       2.79462855,       2.10000000,       1.02694200,       0.77168688
       310,     66709.9400,       2.79470861,       2.10000000,       1.00544200,       0.75550925
       372,     65165.0800,       2.79471011,       2.10000000,       1.02927900,       0.77342043
       446,     61407.0900,       2.79471033,       2.10000000,       1.09226900,       0.82075229
       535,     58890.8400,       2.79471114,       2.10000000,       1.13893900,       0.85582079
       642,     56138.9300,       2.79471128,       2.10000000,       1.19476900,       0.89777249
       770,     52506.6000,       2.79471155,       2.10000000,       1.27742200,       0.95987945
       924,     50749.2400,       2.79470762,       2.10000000,       1.32165500,       0.99311838
      1109,     49469.1800,       2.79467395,       2.10000000,       1.35583800,       1.01881645
      1331,     49020.7700,       2.79471216,       2.10000000,       1.36825900,       1.02813590
      1597,     48737.4100,       2.79393059,       2.10000000,       1.37582900,       1.03411334
      1916,     49010.9900,       2.79471225,       2.10000000,       1.36853200,       1.02834100
      2299,     48970.1100,       2.79471402,       2.10000000,       1.36967500,       1.02919922
      2759,     49012.3200,       2.79471207,       2.10000000,       1.36849400,       1.02831252
      3311,     49082.1300,       2.79471431,       2.10000000,       1.36654900,       1.02685018
      3973,     49083.5400,       2.79470991,       2.10000000,       1.36650800,       1.02682099
      4768,     49123.7600,       2.79471534,       2.10000000,       1.36539100,       1.02597966
      5722,     50603.6600,       2.79470904,       2.10000000,       1.32545800,       0.99597553
      6866,     51322.4800,       2.79471271,       2.10000000,       1.30689500,       0.98202563
      8239,     51309.9000,       2.79471273,       2.10000000,       1.30721600,       0.98226682
      9887,     52175.3900,       2.79471207,       2.10000000,       1.28553100,       0.96597253
     11864,     52607.5600,       2.79471161,       2.10000000,       1.27497000,       0.95803695
     14237,     52326.5700,       2.79471315,       2.10000000,       1.28181700,       0.96318139
     17084,     52353.9600,       2.79470788,       2.10000000,       1.28114400,       0.96267750
     20501,     53013.8100,       2.79470729,       2.10000000,       1.26519800,       0.95069556
     24601,     52625.1800,       2.79471373,       2.10000000,       1.27454500,       0.95771688
     29521,     52120.4800,       2.79467300,       2.10000000,       1.28686800,       0.96699070
     35425,     48207.7100,       2.79471159,       2.10000000,       1.39133500,       1.04547586
     42510,     44843.8900,       2.79471235,       2.10000000,       1.49570200,       1.12389892
     51012,     43034.1300,       2.79470853,       2.10000000,       1.55860000,       1.17116328
     61214,     39147.4700,       2.79471039,       2.10000000,       1.71334300,       1.28743941
     73457,     36657.4200,       2.79395014,       2.10000000,       1.82922900,       1.37489243
     88148,     33925.0100,       2.79471396,       2.10000000,       1.97710000,       1.48562968
    105778,     32353.4800,       2.79471302,       2.10000000,       2.07313400,       1.55779193
    126934,     31136.7400,       2.79471153,       2.10000000,       2.15414600,       1.61866674
    152321,     29956.7400,       2.79471303,       2.10000000,       2.23899900,       1.68242601
    182785,     29461.3100,       2.79470776,       2.10000000,       2.27664700,       1.71071866
    219342,     28371.3100,       2.79471109,       2.10000000,       2.36411600,       1.77644252
    263210,     27912.4400,       2.79471136,       2.10000000,       2.40298100,       1.80564625
    315852,     26355.9600,       2.79470669,       2.10000000,       2.54488800,       1.91228111
    379022,     26333.0000,       2.79470788,       2.10000000,       2.54710800,       1.91394844
    454826,     26152.2400,       2.79470755,       2.10000000,       2.56471300,       1.92717743
    545791,     26509.8600,       2.79471335,       2.10000000,       2.53012000,       1.90117960
    654949,     26483.4200,       2.79471409,       2.10000000,       2.53264700,       1.90307793
    785939,     26541.2000,       2.79471283,       2.10000000,       2.52713200,       1.89893471
    943127,     26377.7600,       2.79471061,       2.10000000,       2.54278900,       1.91070119
   1131752,     26482.5400,       2.79471163,       2.10000000,       2.53272800,       1.90314047
   1358102,     26443.5400,       2.79468289,       2.10000000,       2.53643700,       1.90594708
   1629722,     26471.8800,       2.79471609,       2.10000000,       2.53375200,       1.90390689
   1955666,     26319.9000,       2.79471043,       2.10000000,       2.54837800,       1.91490100
   2346799,     26409.2300,       2.79471400,       2.10000000,       2.53976100,       1.90842358
   2816159,     26555.0500,       2.79471327,       2.10000000,       2.52581400,       1.89794404
   3379391,     26426.9800,       2.79470902,       2.10000000,       2.53805100,       1.90714205
   4055269,     26508.0100,       2.79470983,       2.10000000,       2.53029400,       1.90131274
   4866323,     26333.3000,       2.79471040,       2.10000000,       2.54708100,       1.91392643
   5839588,     26555.9900,       2.79471342,       2.10000000,       2.52572500,       1.89787706
