  Size(KB),       Bw(MB/s),    nominal_clock,     actual_clock,   cy_nominal/LUP,           cy/LUP
         5,    117339.1400,       2.39433504,       1.80000000,       0.32648400,       0.24544234
         6,    118436.7000,       2.39433576,       1.80000000,       0.32345900,       0.24316815
         7,    121317.6300,       2.39432550,       1.80000000,       0.31577600,       0.23739329
         8,    122787.7500,       2.39432813,       1.80000000,       0.31199600,       0.23455131
        10,    121244.6300,       2.39433420,       1.80000000,       0.31596700,       0.23753601
        12,    123410.9000,       2.39433860,       1.80000000,       0.31042200,       0.23336699
        14,    123415.4900,       2.39433350,       1.80000000,       0.31040900,       0.23335772
        17,    123892.5100,       2.39433529,       1.80000000,       0.30921500,       0.23245992
        20,    124433.0600,       2.39433842,       1.80000000,       0.30787200,       0.23144999
        24,    125466.6300,       2.39433720,       1.80000000,       0.30533500,       0.22954286
        29,    125630.1400,       2.39433416,       1.80000000,       0.30493800,       0.22924469
        35,    125766.2300,       2.39433256,       1.80000000,       0.30460700,       0.22899601
        42,    125642.6900,       2.39433714,       1.80000000,       0.30490700,       0.22922110
        50,    122863.4400,       2.39433719,       1.80000000,       0.31180500,       0.23440683
        60,     92038.6600,       2.39433326,       1.80000000,       0.41623100,       0.31291208
        72,     81579.2800,       2.39433628,       1.80000000,       0.46959700,       0.35303086
        86,     81241.4300,       2.39433320,       1.80000000,       0.47154900,       0.35449878
       103,     81453.6400,       2.39433513,       1.80000000,       0.47032100,       0.35357532
       124,     81848.3500,       2.39433512,       1.80000000,       0.46805300,       0.35187029
       149,     82006.6800,       2.39433254,       1.80000000,       0.46714900,       0.35119107
       179,     82213.1300,       2.39433437,       1.80000000,       0.46597600,       0.35030897
       215,     82382.3600,       2.39433589,       1.80000000,       0.46501900,       0.34958930
       258,     82446.3000,       2.39433318,       1.80000000,       0.46465800,       0.34931830
       310,     82478.1500,       2.39433308,       1.80000000,       0.46447800,       0.34918300
       372,     82528.8400,       2.39433460,       1.80000000,       0.46419400,       0.34896927
       446,     82580.8100,       2.39431629,       1.80000000,       0.46389800,       0.34874941
       535,     82651.5100,       2.39433208,       1.80000000,       0.46350400,       0.34845091
       642,     82708.0600,       2.39433365,       1.80000000,       0.46318800,       0.34821312
       770,     82803.7900,       2.39433408,       1.80000000,       0.46265200,       0.34781011
       924,     60122.4100,       2.39432454,       1.80000000,       0.63718700,       0.47902303
      1109,     54167.9900,       2.39433289,       1.80000000,       0.70723200,       0.53167945
      1331,     42865.8700,       2.39433595,       1.80000000,       0.89370300,       0.67186286
      1597,     30168.9400,       2.39433420,       1.80000000,       1.26982700,       0.95462388
      1916,     23709.2200,       2.39433120,       1.80000000,       1.61579800,       1.21471766
      2299,     22140.9800,       2.39433611,       1.80000000,       1.73024700,       1.30075497
      2759,     21913.4000,       2.39433723,       1.80000000,       1.74821800,       1.31426449
      3311,     21905.5400,       2.39433471,       1.80000000,       1.74884300,       1.31473573
      3973,     21910.5000,       2.39433594,       1.80000000,       1.74844800,       1.31443810
      4768,     21914.0400,       2.39433772,       1.80000000,       1.74816700,       1.31422588
      5722,     21911.4700,       2.39433459,       1.80000000,       1.74837000,       1.31438021
      6866,     21920.0800,       2.39433681,       1.80000000,       1.74768400,       1.31386328
      8239,     21911.4900,       2.39433448,       1.80000000,       1.74836800,       1.31437877
      9887,     21918.0900,       2.39433512,       1.80000000,       1.74784200,       1.31398298
     11864,     21917.0800,       2.39433434,       1.80000000,       1.74792200,       1.31404355
     14237,     21912.0100,       2.39433423,       1.80000000,       1.74832600,       1.31434733
     17084,     21921.9600,       2.39433536,       1.80000000,       1.74753400,       1.31375130
     20501,     21899.2600,       2.39433473,       1.80000000,       1.74934500,       1.31511312
     24601,     21897.1400,       2.39433209,       1.80000000,       1.74951300,       1.31524086
     29521,     21907.4800,       2.39433307,       1.80000000,       1.74868700,       1.31461936
     35425,     21850.7500,       2.39433484,       1.80000000,       1.75322800,       1.31803219
     42510,     21742.8600,       2.39433066,       1.80000000,       1.76192500,       1.32457269
     51012,     20180.0700,       2.39433470,       1.80000000,       1.89837600,       1.42715085
     61214,     19053.9100,       2.39433654,       1.80000000,       2.01057800,       1.51150030
     73457,     17500.2000,       2.39433344,       1.80000000,       2.18908000,       1.64569559
     88148,     15649.7100,       2.39433376,       1.80000000,       2.44792700,       1.84029006
    105778,     14668.5500,       2.39433295,       1.80000000,       2.61166500,       1.96338483
    126934,     14033.5700,       2.39433361,       1.80000000,       2.72983500,       2.05222153
    152321,     13546.5900,       2.39433192,       1.80000000,       2.82796700,       2.12599622
    182785,     13065.8400,       2.39433314,       1.80000000,       2.93202100,       2.20422034
    219342,     12802.1800,       2.39433770,       1.80000000,       2.99241300,       2.24961725
    263210,     12553.9200,       2.39433334,       1.80000000,       3.05158400,       2.29410463
    315852,     12392.0500,       2.39433336,       1.80000000,       3.09144400,       2.32407036
    379022,     12202.1800,       2.39433367,       1.80000000,       3.13954900,       2.36023420
    454826,     12024.0800,       2.39433447,       1.80000000,       3.18605200,       2.39519318
    545791,     11963.6400,       2.39417413,       1.80000000,       3.20193300,       2.40729333
    654949,     11776.9400,       2.39433658,       1.80000000,       3.25291400,       2.44545619
    785939,     11675.3800,       2.39433189,       1.80000000,       3.28120600,       2.46673021
    943127,     11670.2900,       2.39433583,       1.80000000,       3.28264000,       2.46780419
   1131752,     11611.3300,       2.39433291,       1.80000000,       3.29930500,       2.48033553
   1358102,     11677.3300,       2.39433315,       1.80000000,       3.28065900,       2.46631768
   1629722,     11700.3500,       2.39433440,       1.80000000,       3.27420600,       2.46146520
   1955666,     11619.7400,       2.39432933,       1.80000000,       3.29691200,       2.47854025
   2346799,     11607.3800,       2.39433304,       1.80000000,       3.30043000,       2.48118115
   2816159,     11670.5500,       2.39433330,       1.80000000,       3.28256500,       2.46775042
   3379391,     11606.5500,       2.39433419,       1.80000000,       3.30066600,       2.48135738
   4055269,     11594.8100,       2.39425826,       1.80000000,       3.30390400,       2.48387039
   4866323,     11609.3600,       2.39433489,       1.80000000,       3.29986900,       2.48075749
   5839588,     11581.1800,       2.39433049,       1.80000000,       3.30789300,       2.48679430
