  Size(KB),       Bw(MB/s),    nominal_clock,     actual_clock,   cy_nominal/LUP,           cy/LUP
         5,    116339.2600,       2.39433280,       1.80000000,       0.16464500,       0.12377603
         6,    118452.7800,       2.39433225,       1.80000000,       0.16170700,       0.12156734
         7,    120365.9400,       2.39433592,       1.80000000,       0.15913700,       0.11963509
         8,    121386.5700,       2.39433338,       1.80000000,       0.15779900,       0.11862934
        10,    121703.6200,       2.39432933,       1.80000000,       0.15738800,       0.11832057
        12,    123591.5900,       2.39433421,       1.80000000,       0.15498400,       0.11651306
        14,    123218.2500,       2.39428421,       1.80000000,       0.15545000,       0.11686583
        17,    123673.6100,       2.39433053,       1.80000000,       0.15488100,       0.11643580
        20,    124431.4800,       2.39433217,       1.80000000,       0.15393700,       0.11572605
        24,    125183.0300,       2.39433096,       1.80000000,       0.15301300,       0.11503147
        29,    125361.9400,       2.39433466,       1.80000000,       0.15279500,       0.11486740
        35,    125547.0100,       2.39433349,       1.80000000,       0.15257000,       0.11469831
        42,    126147.7200,       2.39433789,       1.80000000,       0.15184300,       0.11415156
        50,    118226.6100,       2.39433247,       1.80000000,       0.16201600,       0.12179963
        60,     83590.5200,       2.39433591,       1.80000000,       0.22914900,       0.17226831
        72,     84095.1800,       2.39433093,       1.80000000,       0.22777300,       0.17123422
        86,     84501.8100,       2.39433596,       1.80000000,       0.22667800,       0.17041067
       103,     84949.0700,       2.39433267,       1.80000000,       0.22548400,       0.16951329
       124,     85255.9200,       2.39433437,       1.80000000,       0.22467300,       0.16890348
       149,     85516.1900,       2.39433406,       1.80000000,       0.22398900,       0.16838928
       179,     85764.2900,       2.39430792,       1.80000000,       0.22333800,       0.16790171
       215,     85927.8700,       2.39433201,       1.80000000,       0.22291600,       0.16758277
       258,     85801.9200,       2.39433339,       1.80000000,       0.22324300,       0.16782851
       310,     84305.7700,       2.39433247,       1.80000000,       0.22720500,       0.17080711
       372,     83597.2900,       2.39433177,       1.80000000,       0.22913000,       0.17225432
       446,     83284.2100,       2.39433117,       1.80000000,       0.22999100,       0.17290165
       535,     83164.8400,       2.39433483,       1.80000000,       0.23032200,       0.17315022
       642,     83133.2700,       2.39429969,       1.80000000,       0.23040600,       0.17321591
       770,     65297.7800,       2.39433434,       1.80000000,       0.29334300,       0.22052785
       924,     75777.1600,       2.39412676,       1.80000000,       0.25275400,       0.19003054
      1109,     83013.3800,       2.39433438,       1.80000000,       0.23074200,       0.17346600
      1331,     36579.8400,       2.39433155,       1.80000000,       0.52364000,       0.39365977
      1597,     27805.1900,       2.39433365,       1.80000000,       0.68888800,       0.51788872
      1916,     24293.3300,       2.39433543,       1.80000000,       0.78847500,       0.59275529
      2299,     22219.1800,       2.39433165,       1.80000000,       0.86207800,       0.64808917
      2759,     21808.8800,       2.39432903,       1.80000000,       0.87829500,       0.66028143
      3311,     21814.2900,       2.39433182,       1.80000000,       0.87807800,       0.66011753
      3973,     21814.7000,       2.39433569,       1.80000000,       0.87806300,       0.66010518
      4768,     21808.6400,       2.39433273,       1.80000000,       0.87830600,       0.66028868
      5722,     21824.4200,       2.39433234,       1.80000000,       0.87767100,       0.65981141
      6866,     21823.7500,       2.39433643,       1.80000000,       0.87769900,       0.65983133
      8239,     21825.1100,       2.39433239,       1.80000000,       0.87764300,       0.65979035
      9887,     21826.6700,       2.39433548,       1.80000000,       0.87758200,       0.65974364
     11864,     21825.4600,       2.39433281,       1.80000000,       0.87762900,       0.65977971
     14237,     21817.6300,       2.39433383,       1.80000000,       0.87794500,       0.66001699
     17084,     21819.1300,       2.39433152,       1.80000000,       0.87788300,       0.65997101
     20501,     21814.6400,       2.39433536,       1.80000000,       0.87806600,       0.66010753
     24601,     21829.4600,       2.39433082,       1.80000000,       0.87746800,       0.65965922
     29521,     21778.4300,       2.39433437,       1.80000000,       0.87952500,       0.66120464
     35425,     21810.4700,       2.39433115,       1.80000000,       0.87823200,       0.66023348
     42510,     20280.5700,       2.39433312,       1.80000000,       0.94448400,       0.71003954
     51012,     19767.5200,       2.39433408,       1.80000000,       0.96899700,       0.72846751
     61214,     18069.3500,       2.39433441,       1.80000000,       1.06006400,       0.79692928
     73457,     16844.6700,       2.39433101,       1.80000000,       1.13713400,       0.85486977
     88148,     16022.0300,       2.39432917,       1.80000000,       1.19551900,       0.89876289
    105778,     14912.3000,       2.39433189,       1.80000000,       1.28448700,       0.96564583
    126934,     14190.9100,       2.39433214,       1.80000000,       1.34978400,       1.01473441
    152321,     13660.7800,       2.39433193,       1.80000000,       1.40216400,       1.05411249
    182785,     13256.7800,       2.39433329,       1.80000000,       1.44489600,       1.08623674
    219342,     12904.6100,       2.39433372,       1.80000000,       1.48432800,       1.11588054
    263210,     12645.7000,       2.39433376,       1.80000000,       1.51471800,       1.13872696
    315852,     12426.8500,       2.39433392,       1.80000000,       1.54139400,       1.15878123
    379022,     12241.6900,       2.39433627,       1.80000000,       1.56470900,       1.17630771
    454826,     12091.9100,       2.39433430,       1.80000000,       1.58408900,       1.19087806
    545791,     11970.4200,       2.39433067,       1.80000000,       1.60016500,       1.20296542
    654949,     11863.0500,       2.39433577,       1.80000000,       1.61465100,       1.21385306
    785939,     11769.7100,       2.39433483,       1.80000000,       1.62745600,       1.22348001
    943127,     11705.3900,       2.39433586,       1.80000000,       1.63639800,       1.23020185
   1131752,     11666.2000,       2.39432884,       1.80000000,       1.64189100,       1.23433496
   1358102,     11648.7600,       2.39433284,       1.80000000,       1.64435200,       1.23618302
   1629722,     11635.1700,       2.39433529,       1.80000000,       1.64627400,       1.23762666
   1955666,     11628.3700,       2.39433459,       1.80000000,       1.64723700,       1.23835098
   2346799,     11619.3500,       2.39433582,       1.80000000,       1.64851600,       1.23931187
   2816159,     11613.4400,       2.39433490,       1.80000000,       1.64935400,       1.23994233
   3379391,     11609.9900,       2.39433626,       1.80000000,       1.64984500,       1.24031075
   4055269,     11604.5500,       2.39433636,       1.80000000,       1.65061900,       1.24089257
   4866323,     11599.6300,       2.39433247,       1.80000000,       1.65131700,       1.24141933
   5839588,     11599.1800,       2.39432500,       1.80000000,       1.65137600,       1.24146756
