  Size(KB),       Bw(MB/s),    nominal_clock,     actual_clock,   cy_nominal/LUP,           cy/LUP
         5,    114862.3600,       2.39433472,       1.80000000,       0.66704800,       0.50146974
         6,    116621.9300,       2.39433450,       1.80000000,       0.65698400,       0.49390392
         7,    119205.0100,       2.39433482,       1.80000000,       0.64274700,       0.48320084
         8,    121188.6200,       2.39433256,       1.80000000,       0.63222600,       0.47529187
        10,    125182.8800,       2.39433420,       1.80000000,       0.61205400,       0.46012674
        12,    124394.0000,       2.39433631,       1.80000000,       0.61593600,       0.46304473
        14,    126615.2200,       2.39433481,       1.80000000,       0.60513000,       0.45492134
        17,    124681.4000,       2.39433170,       1.80000000,       0.61451500,       0.46197734
        20,    127679.8300,       2.39433414,       1.80000000,       0.60008500,       0.45112876
        24,    128382.3000,       2.39433189,       1.80000000,       0.59680000,       0.44865960
        29,    129157.7000,       2.39433082,       1.80000000,       0.59321700,       0.44596619
        35,    128524.9900,       2.39433344,       1.80000000,       0.59613800,       0.44816164
        42,    128807.5600,       2.39433074,       1.80000000,       0.59483000,       0.44717882
        50,    125391.1300,       2.39432973,       1.80000000,       0.61103600,       0.45936229
        60,     71475.3800,       2.39433002,       1.80000000,       1.07195700,       0.80587162
        72,     57373.8600,       2.39433636,       1.80000000,       1.33543000,       1.00394165
        86,     55367.4900,       2.39433463,       1.80000000,       1.38382100,       1.04032150
       103,     54838.2700,       2.39428164,       1.80000000,       1.39714500,       1.05036139
       124,     54631.3400,       2.39431803,       1.80000000,       1.40245800,       1.05433964
       149,     54374.5500,       2.39433708,       1.80000000,       1.40909300,       1.05931927
       179,     53902.7400,       2.39433035,       1.80000000,       1.42142300,       1.06859164
       215,     54177.7800,       2.39433030,       1.80000000,       1.41420600,       1.06316610
       258,     54742.6100,       2.39433074,       1.80000000,       1.39961500,       1.05219674
       310,     54042.4600,       2.39433505,       1.80000000,       1.41775100,       1.06582903
       372,     54137.3700,       2.39433378,       1.80000000,       1.41526400,       1.06395993
       446,     54123.1400,       2.39431000,       1.80000000,       1.41562200,       1.06423964
       535,     53980.2100,       2.39433401,       1.80000000,       1.41938500,       1.06705789
       642,     53192.4900,       2.39433490,       1.80000000,       1.44040500,       1.08285980
       770,     53949.8200,       2.39433478,       1.80000000,       1.42018500,       1.06765897
       924,     48495.2400,       2.39428782,       1.80000000,       1.57989100,       1.18774517
      1109,     50943.0600,       2.39433033,       1.80000000,       1.50400400,       1.13067406
      1331,     36656.1100,       2.39433318,       1.80000000,       2.09020100,       1.57136101
      1597,     27556.6200,       2.39433269,       1.80000000,       2.78040800,       2.09024185
      1916,     23112.9100,       2.39433447,       1.80000000,       3.31497500,       2.49211423
      2299,     21403.0100,       2.39432889,       1.80000000,       3.57980100,       2.69120998
      2759,     21156.0500,       2.39433293,       1.80000000,       3.62159600,       2.72262588
      3311,     21161.4300,       2.39433328,       1.80000000,       3.62067600,       2.72193385
      3973,     21161.7700,       2.39433404,       1.80000000,       3.62061800,       2.72188939
      4768,     21169.1300,       2.39433435,       1.80000000,       3.61935900,       2.72094255
      5722,     21166.0900,       2.39433337,       1.80000000,       3.61987800,       2.72133383
      6866,     21164.3800,       2.39433266,       1.80000000,       3.62016900,       2.72155340
      8239,     21132.3300,       2.39433713,       1.80000000,       3.62566700,       2.72568157
      9887,     21057.9600,       2.39433022,       1.80000000,       3.63846100,       2.73530767
     11864,     20875.9500,       2.39433701,       1.80000000,       3.67019400,       2.75915595
     14237,     21169.0400,       2.39433139,       1.80000000,       3.61937100,       2.72095493
     17084,     21134.3900,       2.39431176,       1.80000000,       3.62527500,       2.72541576
     20501,     21155.2200,       2.39433470,       1.80000000,       3.62174000,       2.72273212
     24601,     21152.6100,       2.39433367,       1.80000000,       3.62218500,       2.72306783
     29521,     21111.4500,       2.39433184,       1.80000000,       3.62924400,       2.72837670
     35425,     20426.3800,       2.39433485,       1.80000000,       3.75096800,       2.81988228
     42510,     18615.9200,       2.39433299,       1.80000000,       4.11576000,       3.09412602
     51012,     18189.3300,       2.39433350,       1.80000000,       4.21228600,       3.16669119
     61214,     17615.2000,       2.39433282,       1.80000000,       4.34957600,       3.26990330
     73457,     16607.4300,       2.39433367,       1.80000000,       4.61351800,       3.46832712
     88148,     15125.7900,       2.39432968,       1.80000000,       5.06542300,       3.80806431
    105778,     14257.2800,       2.39433142,       1.80000000,       5.37399800,       4.04004071
    126934,     13712.0200,       2.39433396,       1.80000000,       5.58770400,       4.20069522
    152321,     13270.4300,       2.39433067,       1.80000000,       5.77363100,       4.34047642
    182785,     12918.1900,       2.39433381,       1.80000000,       5.93106700,       4.45882716
    219342,     12698.1100,       2.39433284,       1.80000000,       6.03386400,       4.53610920
    263210,     12511.7800,       2.39428355,       1.80000000,       6.12359400,       4.60366076
    315852,     12450.2100,       2.39433116,       1.80000000,       6.15400000,       4.62642769
    379022,     12202.8900,       2.39433540,       1.80000000,       6.27873700,       4.72019359
    454826,     12175.5200,       2.39433484,       1.80000000,       6.29284900,       4.73080373
    545791,     12123.0000,       2.39433404,       1.80000000,       6.32010900,       4.75129870
    654949,     12125.6000,       2.39429822,       1.80000000,       6.31865800,       4.75027893
    785939,     12111.8400,       2.39433403,       1.80000000,       6.32593300,       4.75567706
    943127,     12101.6300,       2.39432214,       1.80000000,       6.33123700,       4.75968810
   1131752,     12083.9000,       2.39433045,       1.80000000,       6.34055200,       4.76667438
   1358102,     12081.4900,       2.39433219,       1.80000000,       6.34181900,       4.76762341
   1629722,     12141.0000,       2.39432927,       1.80000000,       6.31072900,       4.74425650
   1955666,     12048.6700,       2.39433101,       1.80000000,       6.35909400,       4.78061269
   2346799,     12034.7200,       2.39433360,       1.80000000,       6.36647000,       4.78615261
   2816159,     12022.4300,       2.39433411,       1.80000000,       6.37298100,       4.79104640
   3379391,     12029.7300,       2.39433362,       1.80000000,       6.36911100,       4.78813801
   4055269,     11998.0000,       2.39433173,       1.80000000,       6.38594700,       4.80079867
   4866323,     12006.6900,       2.39433280,       1.80000000,       6.38133000,       4.79732558
   5839588,     12028.6400,       2.39432269,       1.80000000,       6.36966000,       4.78857260
