  Size(KB),       Bw(MB/s),    nominal_clock,     actual_clock,   cy_nominal/LUP,           cy/LUP
         5,    196608.0900,       2.49408376,       2.20000000,       0.20296900,       0.17903641
         6,    170319.5600,       2.49408929,       2.20000000,       0.23429700,       0.20666999
         7,    196431.0900,       2.49408729,       2.20000000,       0.20315200,       0.17919758
         8,    193800.2300,       2.49408731,       2.20000000,       0.20591000,       0.18163037
        10,    223582.7300,       2.49408955,       2.20000000,       0.17848200,       0.15743637
        12,    239359.2000,       2.49408331,       2.20000000,       0.16671700,       0.14705900
        14,    221072.1600,       2.49404892,       2.20000000,       0.18050600,       0.15922430
        17,    223683.2200,       2.49403937,       2.20000000,       0.17839800,       0.15736544
        20,    254532.3000,       2.49408796,       2.20000000,       0.15677900,       0.13829256
        24,    253008.9800,       2.49408874,       2.20000000,       0.15772300,       0.13912520
        29,    262483.2200,       2.49408171,       2.20000000,       0.15203000,       0.13410387
        35,    102534.1700,       2.49407290,       2.20000000,       0.38918900,       0.34330023
        42,     62379.6200,       2.49408345,       2.20000000,       0.63971800,       0.56428729
        50,     63146.8100,       2.49408359,       2.20000000,       0.63194500,       0.55743080
        60,     62471.4800,       2.49408836,       2.20000000,       0.63877800,       0.56345702
        72,     62364.5800,       2.49408634,       2.20000000,       0.63987300,       0.56442336
        86,     62907.5400,       2.49408828,       2.20000000,       0.63435000,       0.55955116
       103,     62875.2500,       2.49404545,       2.20000000,       0.63466500,       0.55983864
       124,     63079.9200,       2.49408525,       2.20000000,       0.63261600,       0.55802231
       149,     63466.8000,       2.49408521,       2.20000000,       0.62876000,       0.55462099
       179,     62912.2600,       2.49408936,       2.20000000,       0.63430300,       0.55950946
       215,     63087.1700,       2.49408236,       2.20000000,       0.63254300,       0.55795856
       258,     63417.1200,       2.49408581,       2.20000000,       0.62925200,       0.55505484
       310,     64038.0900,       2.49408722,       2.20000000,       0.62315100,       0.54967292
       372,     64098.3400,       2.49408593,       2.20000000,       0.62256500,       0.54915630
       446,     64000.1600,       2.49408412,       2.20000000,       0.62351900,       0.54999821
       535,     62820.7800,       2.49408326,       2.20000000,       0.63522500,       0.56032412
       642,     62894.4700,       2.49408468,       2.20000000,       0.63448100,       0.55966753
       770,     59550.6900,       2.49408625,       2.20000000,       0.67010800,       0.59109327
       924,     46578.3400,       2.49408221,       2.20000000,       0.85673600,       0.75571655
      1109,     36650.3500,       2.49405940,       2.20000000,       1.08880100,       0.96042708
      1331,     29210.7300,       2.49408290,       2.20000000,       1.36611900,       1.20503685
      1597,     23633.5300,       2.49408424,       2.20000000,       1.68850500,       1.48940880
      1916,     22024.2100,       2.49408690,       2.20000000,       1.81188800,       1.59824167
      2299,     21652.3400,       2.49408367,       2.20000000,       1.84300400,       1.62569077
      2759,     21629.5000,       2.49405044,       2.20000000,       1.84492500,       1.62740694
      3311,     21633.2600,       2.49408552,       2.20000000,       1.84463000,       1.62712384
      3973,     21637.1200,       2.49408514,       2.20000000,       1.84430100,       1.62683388
      4768,     21633.3600,       2.49408391,       2.20000000,       1.84462100,       1.62711695
      5722,     21627.6000,       2.49408819,       2.20000000,       1.84511500,       1.62754991
      6866,     21626.5800,       2.49408852,       2.20000000,       1.84520300,       1.62762731
      8239,     21565.1000,       2.49408993,       2.20000000,       1.85046400,       1.63226704
      9887,     21124.4300,       2.49408525,       2.20000000,       1.88906200,       1.66631690
     11864,     20574.7500,       2.49406342,       2.20000000,       1.93951400,       1.71083492
     14237,     19032.7800,       2.49408592,       2.20000000,       2.09666500,       1.84944030
     17084,     16837.8900,       2.49408595,       2.20000000,       2.36997400,       2.09052250
     20501,     15652.1300,       2.49408347,       2.20000000,       2.54951500,       2.24889546
     24601,     15080.7500,       2.49408527,       2.20000000,       2.64611300,       2.33410167
     29521,     14636.1100,       2.49408502,       2.20000000,       2.72650100,       2.40501112
     35425,     14201.5800,       2.49408462,       2.20000000,       2.80992300,       2.47859698
     42510,     14136.9800,       2.49406509,       2.20000000,       2.82274100,       2.48992307
     51012,     13890.2900,       2.49408441,       2.20000000,       2.87289500,       2.53414398
     61214,     13762.2200,       2.49408520,       2.20000000,       2.89963100,       2.55772666
     73457,     13693.9600,       2.49396498,       2.20000000,       2.91394400,       2.57047587
     88148,     13635.3200,       2.49408954,       2.20000000,       2.92662200,       2.58153057
    105778,     13557.5400,       2.49408382,       2.20000000,       2.94340500,       2.59634057
    126934,     13520.4200,       2.49408502,       2.20000000,       2.95148900,       2.60347010
    152321,     13460.4500,       2.49408532,       2.20000000,       2.96463700,       2.61506747
    182785,     13492.6600,       2.49408474,       2.20000000,       2.95756100,       2.60882644
    219342,     13406.1600,       2.49408616,       2.20000000,       2.97664500,       2.62565868
    263210,     13465.7200,       2.49408476,       2.20000000,       2.96347700,       2.61404484
    315852,     13398.0200,       2.49408963,       2.20000000,       2.97845800,       2.62725426
    379022,     13423.8900,       2.49408781,       2.20000000,       2.97271500,       2.62219035
    454826,     13372.0600,       2.49408483,       2.20000000,       2.98423300,       2.63235337
    545791,     13368.2800,       2.49404702,       2.20000000,       2.98503200,       2.63309807
    654949,     13325.2700,       2.49407887,       2.20000000,       2.99470500,       2.64159690
    785939,     13354.4700,       2.49408640,       2.20000000,       2.98816700,       2.63582184
    943127,     13312.6700,       2.49408750,       2.20000000,       2.99755000,       2.64409729
   1131752,     13301.1500,       2.49409011,       2.20000000,       3.00015000,       2.64638794
   1358102,     13314.3400,       2.49408640,       2.20000000,       2.99717300,       2.64376591
   1629722,     13314.3900,       2.49408468,       2.20000000,       2.99716100,       2.64375715
   1955666,     13360.5000,       2.49408579,       2.20000000,       2.98681700,       2.63463166
   2346799,     13307.1600,       2.49408934,       2.20000000,       2.99879400,       2.64519265
   2816159,     13313.0500,       2.49408736,       2.20000000,       2.99746500,       2.64402246
   3379391,     13354.3300,       2.49408355,       2.20000000,       2.98819500,       2.63584955
   4055269,     13311.0400,       2.49404032,       2.20000000,       2.99786100,       2.64442164
   4866323,     13300.7700,       2.49408439,       2.20000000,       3.00022900,       2.64646370
   5839588,     13356.7300,       2.49404437,       2.20000000,       2.98761100,       2.63537581
