  Size(KB),       Bw(MB/s),    nominal_clock,     actual_clock,   cy_nominal/LUP,           cy/LUP
         5,    222511.6500,       2.49408363,       2.20000000,       0.17934000,       0.15819357
         6,    245016.2100,       2.49408574,       2.20000000,       0.16286800,       0.14366371
         7,    226034.7300,       2.49407233,       2.20000000,       0.17654400,       0.15572796
         8,    228226.2300,       2.49405809,       2.20000000,       0.17484800,       0.15423282
        10,    257200.1200,       2.49408652,       2.20000000,       0.15515300,       0.13685836
        12,    253894.7300,       2.49408840,       2.20000000,       0.15717300,       0.13864007
        14,    262519.9600,       2.49408759,       2.20000000,       0.15200900,       0.13408503
        17,    259572.4900,       2.49408644,       2.20000000,       0.15373500,       0.13560757
        20,    254038.7300,       2.49408793,       2.20000000,       0.15708400,       0.13856159
        24,    264367.2800,       2.49408383,       2.20000000,       0.15094700,       0.13314845
        29,    260578.0800,       2.49408385,       2.20000000,       0.15314200,       0.13508463
        35,    128178.5500,       2.49408432,       2.20000000,       0.31132600,       0.27461670
        42,     80922.8300,       2.49408606,       2.20000000,       0.49312900,       0.43498250
        50,     80908.6400,       2.49408367,       2.20000000,       0.49321500,       0.43505878
        60,     80890.8000,       2.49408502,       2.20000000,       0.49332400,       0.43515469
        72,     81193.4200,       2.49408693,       2.20000000,       0.49148600,       0.43353308
        86,     81259.9200,       2.49405843,       2.20000000,       0.49107800,       0.43317814
       103,     81090.1400,       2.49408720,       2.20000000,       0.49211200,       0.43408522
       124,     81301.9900,       2.49408567,       2.20000000,       0.49082900,       0.43295377
       149,     81234.5900,       2.49408556,       2.20000000,       0.49123600,       0.43331280
       179,     81081.2900,       2.49408796,       2.20000000,       0.49216500,       0.43413184
       215,     80909.3900,       2.49408184,       2.20000000,       0.49321000,       0.43505469
       258,     81318.3900,       2.49407682,       2.20000000,       0.49072800,       0.43286622
       310,     81267.9300,       2.49408461,       2.20000000,       0.49103400,       0.43313478
       372,     81154.2900,       2.49408927,       2.20000000,       0.49172300,       0.43374173
       446,     81275.4100,       2.49408533,       2.20000000,       0.49098900,       0.43309496
       535,     81131.8000,       2.49408937,       2.20000000,       0.49185900,       0.43386168
       642,     81075.0600,       2.49407564,       2.20000000,       0.49220100,       0.43416574
       770,     74758.8300,       2.49408279,       2.20000000,       0.53378700,       0.47084700
       924,     72017.2300,       2.49408374,       2.20000000,       0.55410800,       0.48877172
      1109,     61130.2200,       2.49408426,       2.20000000,       0.65279300,       0.57582040
      1331,     55061.7000,       2.49408285,       2.20000000,       0.72473800,       0.63928253
      1597,     47363.6000,       2.49408857,       2.20000000,       0.84253300,       0.74318636
      1916,     44168.6300,       2.49405321,       2.20000000,       0.90346600,       0.79694579
      2299,     43169.5900,       2.49408595,       2.20000000,       0.92438600,       0.81538858
      2759,     43101.4600,       2.49408501,       2.20000000,       0.92584700,       0.81667762
      3311,     43107.8200,       2.49408572,       2.20000000,       0.92571100,       0.81655742
      3973,     43114.4100,       2.49408151,       2.20000000,       0.92556800,       0.81643266
      4768,     43124.5000,       2.49408207,       2.20000000,       0.92535100,       0.81624106
      5722,     43126.0000,       2.49407707,       2.20000000,       0.92531700,       0.81621271
      6866,     43121.3100,       2.49408654,       2.20000000,       0.92542100,       0.81630135
      8239,     43103.7600,       2.49408715,       2.20000000,       0.92579800,       0.81663369
      9887,     43064.6000,       2.49408652,       2.20000000,       0.92664000,       0.81737662
     11864,     42610.8900,       2.49408897,       2.20000000,       0.93650800,       0.82608023
     14237,     40222.8000,       2.49408551,       2.20000000,       0.99210800,       0.87512541
     17084,     34887.3600,       2.49408742,       2.20000000,       1.14383500,       1.00896103
     20501,     31567.3600,       2.49408465,       2.20000000,       1.26413300,       1.11507547
     24601,     29341.3600,       2.49408606,       2.20000000,       1.36003900,       1.19967224
     29521,     27746.2100,       2.49408395,       2.20000000,       1.43822700,       1.26864190
     35425,     26510.9700,       2.49408253,       2.20000000,       1.50523800,       1.32775221
     42510,     25598.3300,       2.49408731,       2.20000000,       1.55890600,       1.37508947
     51012,     24877.7700,       2.49408211,       2.20000000,       1.60405500,       1.41491773
     61214,     24319.5800,       2.49408852,       2.20000000,       1.64087600,       1.44739338
     73457,     23872.5100,       2.49405598,       2.20000000,       1.67158400,       1.47449970
     88148,     23519.6500,       2.49408652,       2.20000000,       1.69668300,       1.49662113
    105778,     23246.6800,       2.49408530,       2.20000000,       1.71660500,       1.51419480
    126934,     23080.7800,       2.49405274,       2.20000000,       1.72892100,       1.52507849
    152321,     22992.2500,       2.49408483,       2.20000000,       1.73560000,       1.53095033
    182785,     22921.0700,       2.49408449,       2.20000000,       1.74099000,       1.53570499
    219342,     22874.0400,       2.49408431,       2.20000000,       1.74456900,       1.53886209
    263210,     22827.8000,       2.49408091,       2.20000000,       1.74810100,       1.54197973
    315852,     22796.6600,       2.49408528,       2.20000000,       1.75049200,       1.54408610
    379022,     22772.7100,       2.49403784,       2.20000000,       1.75229900,       1.54570943
    454826,     22753.0300,       2.49405771,       2.20000000,       1.75382900,       1.54704672
    545791,     22735.6000,       2.49408483,       2.20000000,       1.75519300,       1.54823307
    654949,     22726.3700,       2.49408375,       2.20000000,       1.75590500,       1.54886178
    785939,     22698.7800,       2.49408353,       2.20000000,       1.75803900,       1.55074429
    943127,     22697.8600,       2.49408319,       2.20000000,       1.75811000,       1.55080713
   1131752,     22693.9600,       2.49408702,       2.20000000,       1.75841500,       1.55107379
   1358102,     22695.1000,       2.49408342,       2.20000000,       1.75832400,       1.55099576
   1629722,     22679.5100,       2.49404874,       2.20000000,       1.75950800,       1.55206173
   1955666,     22678.4200,       2.49407839,       2.20000000,       1.75961400,       1.55213678
   2346799,     22670.1700,       2.49408825,       2.20000000,       1.76026100,       1.55270135
   2816159,     22672.3300,       2.49408489,       2.20000000,       1.76009100,       1.55255349
   3379391,     22668.4400,       2.49408225,       2.20000000,       1.76039100,       1.55281976
   4055269,     22665.5700,       2.49408156,       2.20000000,       1.76061400,       1.55301690
   4866323,     22666.2200,       2.49408739,       2.20000000,       1.76056700,       1.55297181
   5839588,     22667.3600,       2.49404186,       2.20000000,       1.76044700,       1.55289430
