  Size(KB),       Bw(MB/s),    nominal_clock,     actual_clock,   cy_nominal/LUP,           cy/LUP
         5,    196611.3200,       2.40000463,       2.20000000,       0.19531000,       0.17903382
         6,    203143.5000,       2.39999954,       2.20000000,       0.18902900,       0.17327662
         7,    193259.6700,       2.40001525,       2.20000000,       0.19869800,       0.18213868
         8,    193753.9600,       2.40001475,       2.20000000,       0.19819100,       0.18167397
        10,    224281.5200,       2.40001637,       2.20000000,       0.17121500,       0.15694601
        12,    239731.1300,       2.40001676,       2.20000000,       0.16018100,       0.14683156
        14,    245565.2300,       2.40001388,       2.20000000,       0.15637500,       0.14334292
        17,    223879.2800,       2.40001264,       2.20000000,       0.17152200,       0.15722767
        20,    230799.0500,       2.40001414,       2.20000000,       0.16637900,       0.15251318
        24,    250517.2100,       2.40001158,       2.20000000,       0.15328400,       0.14050966
        29,    262897.3100,       2.40001659,       2.20000000,       0.14606600,       0.13389291
        35,     99162.6500,       2.40001440,       2.20000000,       0.38724500,       0.35497245
        42,     61865.0700,       2.40001736,       2.20000000,       0.62071000,       0.56898005
        50,     62373.2700,       2.40001512,       2.20000000,       0.61565200,       0.56434411
        60,     62371.4400,       2.40001487,       2.20000000,       0.61567000,       0.56436067
        72,     63386.4700,       2.40001312,       2.20000000,       0.60581100,       0.55532371
        86,     62819.6000,       2.40001468,       2.20000000,       0.61127800,       0.56033474
       103,     63290.3300,       2.40001451,       2.20000000,       0.60673100,       0.55616672
       124,     63793.9300,       2.40001662,       2.20000000,       0.60194200,       0.55177634
       149,     63772.4100,       2.40001508,       2.20000000,       0.60214500,       0.55196278
       179,     63416.3400,       2.40001653,       2.20000000,       0.60552600,       0.55506168
       215,     64110.8400,       2.40001552,       2.20000000,       0.59896700,       0.54904953
       258,     63944.1400,       2.40001517,       2.20000000,       0.60052800,       0.55048052
       310,     64546.3100,       2.40001244,       2.20000000,       0.59492500,       0.54534509
       372,     64234.5200,       2.40001970,       2.20000000,       0.59781400,       0.54799167
       446,     64282.6300,       2.39999727,       2.20000000,       0.59736100,       0.54758154
       535,     64451.5300,       2.39999562,       2.20000000,       0.59579500,       0.54614641
       642,     59192.9800,       2.40001396,       2.20000000,       0.64872900,       0.59466479
       770,     56014.8800,       2.40001444,       2.20000000,       0.68553600,       0.62840422
       924,     48313.1300,       2.39999229,       2.20000000,       0.79481200,       0.72858001
      1109,     38138.1200,       2.40001648,       2.20000000,       1.00687400,       0.92296150
      1331,     32783.3800,       2.40001557,       2.20000000,       1.17133300,       1.07371495
      1597,     24139.5800,       2.39998164,       2.20000000,       1.59073600,       1.45818582
      1916,     22502.7900,       2.39999512,       2.20000000,       1.70645200,       1.56425085
      2299,     22080.2100,       2.40001469,       2.20000000,       1.73912500,       1.59418816
      2759,     22074.4000,       2.39988670,       2.20000000,       1.73948900,       1.59460686
      3311,     22062.5100,       2.40001424,       2.20000000,       1.74051900,       1.59546629
      3973,     22062.9400,       2.40001597,       2.20000000,       1.74048700,       1.59543580
      4768,     22031.8500,       2.40001322,       2.20000000,       1.74294100,       1.59768712
      5722,     22054.7900,       2.40001256,       2.20000000,       1.74112700,       1.59602473
      6866,     22031.8300,       2.39999301,       2.20000000,       1.74292800,       1.59768865
      8239,     21909.1300,       2.39995707,       2.20000000,       1.75266300,       1.60663649
      9887,     21671.6000,       2.39996899,       2.20000000,       1.77188100,       1.62424524
     11864,     20935.6200,       2.40001478,       2.20000000,       1.83420600,       1.68134514
     14237,     19332.9900,       2.40001578,       2.20000000,       1.98625500,       1.82072178
     17084,     17896.4200,       2.39980549,       2.20000000,       2.14550700,       1.96687416
     20501,     16961.3300,       2.40001209,       2.20000000,       2.26398500,       2.07530913
     24601,     16256.1700,       2.40000638,       2.20000000,       2.36218600,       2.16533141
     29521,     15628.2600,       2.40001406,       2.20000000,       2.45710200,       2.25233031
     35425,     15406.1400,       2.39997666,       2.20000000,       2.49248900,       2.28480380
     42510,     14918.6600,       2.40001638,       2.20000000,       2.57397600,       2.35946189
     51012,     14713.7700,       2.40001853,       2.20000000,       2.60982000,       2.39231653
     61214,     14756.7400,       2.40001158,       2.20000000,       2.60221300,       2.38535041
     73457,     14668.5400,       2.40001481,       2.20000000,       2.61786400,       2.39969385
     88148,     14401.0200,       2.39996770,       2.20000000,       2.66644100,       2.44427048
    105778,     14662.6100,       2.39999984,       2.20000000,       2.61890600,       2.40066399
    126934,     14621.4500,       2.40001046,       2.20000000,       2.62629100,       2.40742292
    152321,     14568.5100,       2.40001171,       2.20000000,       2.63583600,       2.41617121
    182785,     14429.4400,       2.40001651,       2.20000000,       2.66124500,       2.43945780
    219342,     14406.3900,       2.40001483,       2.20000000,       2.66550000,       2.44335991
    263210,     14288.7000,       2.40001412,       2.20000000,       2.68745400,       2.46348500
    315852,     14409.8800,       2.40001648,       2.20000000,       2.66485600,       2.44276789
    379022,     14360.6600,       2.39999828,       2.20000000,       2.67397000,       2.45114092
    454826,     14393.2300,       2.40001235,       2.20000000,       2.66793500,       2.44559450
    545791,     14420.6200,       2.40001186,       2.20000000,       2.66286600,       2.44094844
    654949,     14390.9600,       2.40001681,       2.20000000,       2.66836000,       2.44597954
    785939,     14398.6000,       2.39995662,       2.20000000,       2.66687700,       2.44468144
    943127,     14087.1000,       2.39998107,       2.20000000,       2.72587600,       2.49873938
   1131752,     14098.7300,       2.40001367,       2.20000000,       2.72366500,       2.49667869
   1358102,     14173.7000,       2.40000493,       2.20000000,       2.70924800,       2.48347223
   1629722,     14315.8700,       2.39995133,       2.20000000,       2.68228300,       2.45880928
   1955666,     14312.9100,       2.39998153,       2.20000000,       2.68287100,       2.45931734
   2346799,     14365.4100,       2.40001604,       2.20000000,       2.67310600,       2.45033079
   2816159,     14382.3800,       2.40001662,       2.20000000,       2.66995200,       2.44743905
   3379391,     14170.2400,       2.40001722,       2.20000000,       2.70992500,       2.48408009
   4055269,     14118.8200,       2.40000817,       2.20000000,       2.71978300,       2.49312593
   4866323,     14388.7400,       2.40001228,       2.20000000,       2.66876700,       2.44635724
   5839588,     14325.1700,       2.40001350,       2.20000000,       2.68061200,       2.45721384
