  Size(KB),       Bw(MB/s),    nominal_clock,     actual_clock,   cy_nominal/LUP,           cy/LUP
         5,    217216.9200,       2.40001540,       2.20000000,       0.26517400,       0.24307461
         6,    227044.7300,       2.40001800,       2.20000000,       0.25369600,       0.23255292
         7,    233911.5000,       2.39997803,       2.20000000,       0.24624500,       0.22572665
         8,    206302.2000,       2.40001308,       2.20000000,       0.27920400,       0.25593561
        10,    246848.6400,       2.40000055,       2.20000000,       0.23334100,       0.21389587
        12,    252361.4400,       2.39999704,       2.20000000,       0.22824400,       0.20922392
        14,    254989.9500,       2.40001584,       2.20000000,       0.22589300,       0.20706722
        17,    243308.8100,       2.40001085,       2.20000000,       0.23673700,       0.21700794
        20,    263490.1600,       2.40001324,       2.20000000,       0.21860500,       0.20038681
        24,    266479.6100,       2.40001302,       2.20000000,       0.21615300,       0.19813918
        29,    269023.4000,       2.40001550,       2.20000000,       0.21410900,       0.19626532
        35,    182120.3200,       2.40001698,       2.20000000,       0.31627700,       0.28991853
        42,     95356.4300,       2.40001497,       2.20000000,       0.60405300,       0.55371180
        50,     93634.2700,       2.39998167,       2.20000000,       0.61515500,       0.56389639
        60,     93107.3400,       2.40001348,       2.20000000,       0.61864400,       0.56708715
        72,     94154.1400,       2.40001539,       2.20000000,       0.61176700,       0.56078282
        86,     93261.5200,       2.40001349,       2.20000000,       0.61762200,       0.56615032
       103,     94904.0900,       2.40001081,       2.20000000,       0.60693100,       0.55635091
       124,     94914.7300,       2.39997553,       2.20000000,       0.60685400,       0.55628851
       149,     93810.9700,       2.39998237,       2.20000000,       0.61399600,       0.56283380
       179,     95470.4500,       2.40001440,       2.20000000,       0.60333200,       0.55305102
       215,     95392.6800,       2.40001281,       2.20000000,       0.60382300,       0.55350146
       258,     95309.4200,       2.40001128,       2.20000000,       0.60435000,       0.55398490
       310,     95568.1800,       2.40001237,       2.20000000,       0.60271400,       0.55248499
       372,     95544.0200,       2.40001440,       2.20000000,       0.60286700,       0.55262477
       446,     96177.0900,       2.40000669,       2.20000000,       0.59889700,       0.54898739
       535,     93758.9900,       2.39998390,       2.20000000,       0.61433700,       0.56314603
       642,     94041.2000,       2.39999574,       2.20000000,       0.61249600,       0.56145566
       770,     91521.3800,       2.40001239,       2.20000000,       0.62936400,       0.57691402
       924,     66307.4000,       2.40001790,       2.20000000,       0.86868800,       0.79629139
      1109,     55534.6900,       2.40001329,       2.20000000,       1.03719500,       0.95075682
      1331,     42533.4800,       2.40001497,       2.20000000,       1.35423600,       1.24137526
      1597,     36644.9200,       2.40000619,       2.20000000,       1.57184500,       1.44085420
      1916,     33563.2600,       2.39987047,       2.20000000,       1.71607000,       1.57314907
      2299,     32805.6600,       2.39998113,       2.20000000,       1.75578100,       1.60947857
      2759,     32780.2600,       2.40001048,       2.20000000,       1.75716300,       1.61072572
      3311,     32766.0500,       2.40001477,       2.20000000,       1.75792800,       1.61142409
      3973,     32791.1000,       2.40001406,       2.20000000,       1.75658400,       1.61019257
      4768,     32784.1400,       2.39999285,       2.20000000,       1.75694200,       1.61053497
      5722,     32788.5100,       2.40001068,       2.20000000,       1.75672100,       1.61032041
      6866,     32815.5600,       2.40001630,       2.20000000,       1.75527700,       1.60899299
      8239,     32790.5000,       2.40001174,       2.20000000,       1.75661500,       1.61022254
      9887,     32786.7100,       2.39999444,       2.20000000,       1.75680500,       1.61040831
     11864,     32765.6600,       2.40001363,       2.20000000,       1.75794800,       1.61144318
     14237,     32752.7200,       2.39985660,       2.20000000,       1.75852700,       1.61207941
     17084,     31883.2300,       2.40000493,       2.20000000,       1.80659600,       1.65604293
     20501,     31402.6300,       2.40001267,       2.20000000,       1.83425100,       1.68138788
     24601,     30053.5200,       2.40001209,       2.20000000,       1.91659000,       1.75686531
     29521,     27541.4000,       2.40001360,       2.20000000,       2.09140900,       1.91711405
     35425,     26318.5200,       2.40001101,       2.20000000,       2.18858300,       2.00619188
     42510,     25221.8900,       2.40001339,       2.20000000,       2.28374400,       2.09342032
     51012,     24177.0600,       2.39980032,       2.20000000,       2.38222600,       2.18388887
     61214,     23074.7200,       2.40001446,       2.20000000,       2.49625300,       2.28821813
     73457,     22196.5300,       2.39999249,       2.20000000,       2.59499300,       2.37875102
     88148,     21635.9400,       2.39999724,       2.20000000,       2.66223300,       2.44038306
    105778,     21210.3900,       2.40001361,       2.20000000,       2.71566600,       2.48934639
    126934,     20897.6200,       2.40001242,       2.20000000,       2.75630900,       2.52660351
    152321,     20816.8200,       2.40000202,       2.20000000,       2.76699500,       2.53640995
    182785,     20582.3500,       2.40001325,       2.20000000,       2.79852900,       2.56530409
    219342,     20468.8600,       2.40000218,       2.20000000,       2.81403400,       2.57952882
    263210,     20386.0600,       2.40001337,       2.20000000,       2.82547700,       2.59000615
    315852,     20353.7200,       2.40001928,       2.20000000,       2.82997300,       2.59412108
    379022,     20272.1500,       2.39999316,       2.20000000,       2.84132900,       2.60455901
    454826,     20255.9400,       2.40001331,       2.20000000,       2.84362600,       2.60664271
    545791,     20163.8600,       2.39989703,       2.20000000,       2.85647400,       2.61854684
    654949,     20293.8100,       2.40001166,       2.20000000,       2.83831800,       2.60177886
    785939,     20242.8300,       2.39999590,       2.20000000,       2.84544700,       2.60833088
    943127,     20075.6800,       2.40001310,       2.20000000,       2.86915900,       2.63004806
   1131752,     20121.6900,       2.39992800,       2.20000000,       2.86249700,       2.62403431
   1358102,     20076.2800,       2.40000811,       2.20000000,       2.86906700,       2.62996919
   1629722,     20170.0200,       2.39998824,       2.20000000,       2.85571000,       2.61774699
   1955666,     20033.9900,       2.39998561,       2.20000000,       2.87509700,       2.63552139
   2346799,     20026.2000,       2.40001308,       2.20000000,       2.87624800,       2.63654630
   2816159,     19996.0800,       2.40001612,       2.20000000,       2.88058400,       2.64051759
   3379391,     19884.0100,       2.40001348,       2.20000000,       2.89681600,       2.65539975
   4055269,     19860.3900,       2.40001794,       2.20000000,       2.90026700,       2.65855821
   4866323,     20039.1900,       2.40001024,       2.20000000,       2.87438000,       2.63483709
   5839588,     20061.1400,       2.40001402,       2.20000000,       2.87124000,       2.63195462
