  Size(KB),       Bw(MB/s),    nominal_clock,     actual_clock,   cy_nominal/LUP,           cy/LUP
         5,    200306.3100,       2.40001485,       2.20000000,       0.38341500,       0.35146157
         6,    211441.8900,       2.40001313,       2.20000000,       0.36322200,       0.33295168
         7,    219240.6600,       2.39984459,       2.20000000,       0.35027700,       0.32110804
         8,    225746.4600,       2.40001518,       2.20000000,       0.34020700,       0.31185444
        10,    235262.1700,       2.39994057,       2.20000000,       0.32643600,       0.29924041
        12,    241404.5500,       2.40001822,       2.20000000,       0.31814100,       0.29162704
        14,    244901.2800,       2.40001021,       2.20000000,       0.31359700,       0.28746269
        17,    250447.1100,       2.40001629,       2.20000000,       0.30665400,       0.28109759
        20,    238548.8800,       2.40000028,       2.20000000,       0.32194700,       0.29511805
        24,    258562.2600,       2.40000586,       2.20000000,       0.29702800,       0.27227500
        29,    250738.7400,       2.39987934,       2.20000000,       0.30628000,       0.28077078
        35,    196660.3600,       2.40001525,       2.20000000,       0.39052300,       0.35797714
        42,    126346.6200,       2.39997617,       2.20000000,       0.60784600,       0.55719770
        50,     98316.1100,       2.40001718,       2.20000000,       0.78115900,       0.71605729
        60,     90120.1200,       2.40001521,       2.20000000,       0.85220100,       0.78117930
        72,     89692.8300,       2.40000437,       2.20000000,       0.85625700,       0.78490082
        86,     89770.9900,       2.39996023,       2.20000000,       0.85549600,       0.78421766
       103,     89636.7900,       2.40001327,       2.20000000,       0.85679600,       0.78539199
       124,     90264.6700,       2.39989813,       2.20000000,       0.85079500,       0.77992852
       149,     89868.6500,       2.40001140,       2.20000000,       0.85458500,       0.78336586
       179,     89745.1200,       2.39998140,       2.20000000,       0.85575000,       0.78444358
       215,     90408.2400,       2.40001549,       2.20000000,       0.84948600,       0.77869048
       258,     90153.1400,       2.39996018,       2.20000000,       0.85187000,       0.78089379
       310,     90237.9400,       2.39993343,       2.20000000,       0.85106000,       0.78015997
       372,     90167.3000,       2.40001626,       2.20000000,       0.85175600,       0.78077104
       446,     90286.4600,       2.40001080,       2.20000000,       0.85063000,       0.77974066
       535,     90721.1100,       2.40001485,       2.20000000,       0.84655600,       0.77600487
       642,     87956.4100,       2.39989837,       2.20000000,       0.87312300,       0.80039664
       770,     87475.5000,       2.40001087,       2.20000000,       0.87796400,       0.80479669
       924,     57259.6800,       2.40001392,       2.20000000,       1.34126600,       1.22948670
      1109,     38740.1600,       2.40001292,       2.20000000,       1.98245000,       1.81723605
      1331,     32964.4500,       2.40001462,       2.20000000,       2.32979600,       2.13563333
      1597,     25723.0200,       2.40001502,       2.20000000,       2.98567200,       2.73684888
      1916,     23021.3300,       2.39988605,       2.20000000,       3.33587900,       3.05803427
      2299,     22187.0900,       2.40001662,       2.20000000,       3.46149700,       3.17301695
      2759,     22132.3000,       2.40000958,       2.20000000,       3.47005600,       3.18087197
      3311,     22076.3900,       2.40001230,       2.20000000,       3.47884800,       3.18892766
      3973,     22074.0800,       2.40001121,       2.20000000,       3.47921000,       3.18926093
      4768,     22068.1800,       2.40001538,       2.20000000,       3.48014600,       3.19011339
      5722,     22126.9400,       2.39998339,       2.20000000,       3.47085800,       3.18164185
      6866,     22098.1200,       2.40001097,       2.20000000,       3.47542400,       3.18579077
      8239,     22102.6900,       2.40001340,       2.20000000,       3.47470900,       3.18513213
      9887,     22220.3600,       2.40000935,       2.20000000,       3.45630300,       3.16826540
     11864,     22357.1900,       2.40001378,       2.20000000,       3.43515600,       3.14887493
     14237,     22313.0200,       2.40001060,       2.20000000,       3.44195200,       3.15510873
     17084,     21221.8400,       2.39998673,       2.20000000,       3.61889400,       3.31733784
     20501,     20098.6900,       2.40001186,       2.20000000,       3.82116400,       3.50271635
     24601,     18870.7700,       2.40001483,       2.20000000,       4.06981200,       3.73063795
     29521,     18080.6900,       2.40001596,       2.20000000,       4.24765400,       3.89365694
     35425,     17608.7900,       2.40001327,       2.20000000,       4.36148300,       3.99800398
     42510,     16728.4600,       2.39994666,       2.20000000,       4.59087700,       4.20839745
     51012,     16729.7900,       2.40001088,       2.20000000,       4.59063500,       4.20806300
     61214,     16471.3400,       2.39999795,       2.20000000,       4.66264100,       4.27409123
     73457,     16350.7800,       2.39997650,       2.20000000,       4.69697800,       4.30560532
     88148,     16024.5600,       2.40001592,       2.20000000,       4.79267600,       4.39325719
    105778,     16222.8100,       2.40001321,       2.20000000,       4.73410000,       4.33956778
    126934,     16106.5200,       2.40001550,       2.20000000,       4.76828500,       4.37089969
    152321,     16080.2400,       2.40001363,       2.20000000,       4.77607500,       4.37804389
    182785,     16074.4900,       2.40001338,       2.20000000,       4.77778300,       4.37961001
    219342,     16129.4100,       2.40001524,       2.20000000,       4.76151900,       4.36469804
    263210,     16007.1000,       2.40001378,       2.20000000,       4.79789900,       4.39804884
    315852,     16134.5300,       2.40001215,       2.20000000,       4.76000100,       4.36331216
    379022,     15963.7400,       2.40001296,       2.20000000,       4.81092800,       4.40999353
    454826,     16179.0300,       2.40001675,       2.20000000,       4.74691900,       4.35131205
    545791,     15859.8000,       2.40001407,       2.20000000,       4.84246100,       4.43889656
    654949,     15953.3400,       2.40001572,       2.20000000,       4.81407100,       4.41286951
    785939,     16076.0600,       2.40001089,       2.20000000,       4.77731000,       4.37918097
    943127,     16031.8100,       2.40001401,       2.20000000,       4.79050500,       4.39127061
   1131752,     15968.4600,       2.40001509,       2.20000000,       4.80951000,       4.40868978
   1358102,     15965.2000,       2.40001359,       2.20000000,       4.81049100,       4.40959178
   1629722,     16029.2100,       2.39997751,       2.20000000,       4.79120700,       4.39198091
   1955666,     15928.7800,       2.39997991,       2.20000000,       4.82142200,       4.41967382
   2346799,     15974.9000,       2.40000410,       2.20000000,       4.80755100,       4.40691423
   2816159,     16007.5400,       2.40001588,       2.20000000,       4.79777200,       4.39792857
   3379391,     15790.4300,       2.40001652,       2.20000000,       4.86373800,       4.45839581
   4055269,     15974.5100,       2.39996625,       2.20000000,       4.80759100,       4.40702039
   4866323,     15861.0700,       2.39999473,       2.20000000,       4.84203400,       4.43854091
   5839588,     15906.9200,       2.40001529,       2.20000000,       4.82812000,       4.42574846
