  Size(KB),       Bw(MB/s),    nominal_clock,     actual_clock,   cy_nominal/LUP,           cy/LUP
         5,    222628.7100,       2.40001361,       2.20000000,       0.17248500,       0.15811035
         6,    244881.3000,       2.40001795,       2.20000000,       0.15681200,       0.14374326
         7,    250585.5100,       2.40001081,       2.20000000,       0.15324200,       0.14047120
         8,    221480.5800,       2.40001371,       2.20000000,       0.17338000,       0.15893076
        10,    257990.4100,       2.40001351,       2.20000000,       0.14884400,       0.13643957
        12,    251112.4700,       2.40001285,       2.20000000,       0.15292000,       0.14017592
        14,    262843.9300,       2.40001523,       2.20000000,       0.14609500,       0.13391957
        17,    259922.0400,       2.40001734,       2.20000000,       0.14773800,       0.13542552
        20,    252877.9100,       2.40001197,       2.20000000,       0.15185300,       0.13919789
        24,    265344.5700,       2.40001312,       2.20000000,       0.14471800,       0.13265744
        29,    260979.6000,       2.40001567,       2.20000000,       0.14713900,       0.13487654
        35,    128973.7000,       2.39988460,       2.20000000,       0.29772100,       0.27292404
        42,     80792.9300,       2.40001868,       2.20000000,       0.47529300,       0.43568186
        50,     81231.7500,       2.40001550,       2.20000000,       0.47272500,       0.43332845
        60,     81150.6500,       2.40001790,       2.20000000,       0.47319700,       0.43376068
        72,     81200.5900,       2.40001684,       2.20000000,       0.47290600,       0.43349413
        86,     81069.1100,       2.39999906,       2.20000000,       0.47367000,       0.43419767
       103,     81158.6700,       2.40001388,       2.20000000,       0.47315000,       0.43371832
       124,     81333.2700,       2.40001108,       2.20000000,       0.47213400,       0.43278750
       149,     81344.1300,       2.39999844,       2.20000000,       0.47206800,       0.43272928
       179,     81171.5400,       2.40001535,       2.20000000,       0.47307500,       0.43364931
       215,     81436.1100,       2.40001408,       2.20000000,       0.47153800,       0.43224063
       258,     81364.6500,       2.39991911,       2.20000000,       0.47193400,       0.43262075
       310,     81355.5800,       2.39997515,       2.20000000,       0.47199700,       0.43266840
       372,     81111.7600,       2.40001058,       2.20000000,       0.47342300,       0.43396917
       446,     81033.4500,       2.40000052,       2.20000000,       0.47387800,       0.43438807
       535,     81420.8200,       2.40000993,       2.20000000,       0.47162600,       0.43232204
       642,     81435.2100,       2.39995604,       2.20000000,       0.47153200,       0.43224558
       770,     80204.7100,       2.40001921,       2.20000000,       0.47877900,       0.43887724
       924,     77721.8500,       2.40001473,       2.20000000,       0.49407300,       0.45289747
      1109,     61030.9400,       2.40001787,       2.20000000,       0.62919400,       0.57675687
      1331,     52729.3400,       2.40001359,       2.20000000,       0.72825100,       0.66755964
      1597,     48446.2300,       2.39985650,       2.20000000,       0.79258400,       0.72657878
      1916,     44553.1400,       2.39982573,       2.20000000,       0.86183000,       0.79006820
      2299,     44044.4800,       2.40001952,       2.20000000,       0.87185300,       0.79919208
      2759,     43817.0100,       2.40001463,       2.20000000,       0.87637700,       0.80334068
      3311,     43819.5600,       2.39998570,       2.20000000,       0.87631600,       0.80329445
      3973,     43825.5400,       2.40001678,       2.20000000,       0.87620700,       0.80318413
      4768,     43830.7700,       2.40001461,       2.20000000,       0.87610200,       0.80308861
      5722,     43822.8800,       2.39991074,       2.20000000,       0.87622200,       0.80323337
      6866,     43831.8800,       2.40001596,       2.20000000,       0.87608100,       0.80306891
      8239,     43661.1600,       2.40000169,       2.20000000,       0.87950100,       0.80620868
      9887,     43764.0600,       2.40000386,       2.20000000,       0.87743400,       0.80431321
     11864,     42893.0300,       2.40001384,       2.20000000,       0.89525500,       0.82064568
     14237,     41254.8700,       2.39997895,       2.20000000,       0.93079100,       0.85323257
     17084,     37598.9600,       2.40001075,       2.20000000,       1.02131000,       0.93619664
     20501,     34348.7600,       2.39998678,       2.20000000,       1.11793800,       1.02478214
     24601,     31901.5800,       2.40001389,       2.20000000,       1.20370900,       1.10339353
     29521,     30038.5100,       2.39999254,       2.20000000,       1.27835500,       1.17182906
     35425,     28626.6100,       2.39996612,       2.20000000,       1.34139000,       1.22962486
     42510,     27653.5400,       2.40001732,       2.20000000,       1.38862100,       1.27289340
     51012,     26993.1100,       2.40001498,       2.20000000,       1.42259400,       1.30403636
     61214,     26385.1700,       2.40001759,       2.20000000,       1.45537400,       1.33408306
     73457,     25836.7600,       2.40001305,       2.20000000,       1.48626300,       1.36240034
     88148,     25510.1600,       2.40001330,       2.20000000,       1.50529100,       1.37984243
    105778,     25281.8900,       2.40001099,       2.20000000,       1.51888100,       1.39230121
    126934,     25101.7800,       2.40001539,       2.20000000,       1.52978200,       1.40229118
    152321,     25008.1500,       2.40001601,       2.20000000,       1.53551000,       1.40754145
    182785,     24928.9400,       2.40000212,       2.20000000,       1.54038000,       1.41201376
    219342,     24929.2600,       2.40001372,       2.20000000,       1.54036700,       1.41199501
    263210,     24886.9700,       2.40001366,       2.20000000,       1.54298500,       1.41439486
    315852,     24849.1900,       2.40001614,       2.20000000,       1.54533200,       1.41654481
    379022,     24830.6200,       2.40001444,       2.20000000,       1.54648700,       1.41760455
    454826,     24827.4300,       2.40001589,       2.20000000,       1.54668700,       1.41778703
    545791,     24829.3500,       2.40001209,       2.20000000,       1.54656400,       1.41767653
    654949,     24786.0100,       2.40001680,       2.20000000,       1.54927200,       1.42015606
    785939,     24783.4600,       2.40001698,       2.20000000,       1.54943100,       1.42030170
    943127,     24776.4300,       2.40001788,       2.20000000,       1.54987100,       1.42070450
   1131752,     24764.4300,       2.39998537,       2.20000000,       1.55060100,       1.42139292
   1358102,     24757.2900,       2.40000679,       2.20000000,       1.55106300,       1.42180373
   1629722,     24755.8300,       2.40000957,       2.20000000,       1.55115600,       1.42188733
   1955666,     24746.3500,       2.40001337,       2.20000000,       1.55175300,       1.42243232
   2346799,     24734.9900,       2.40001564,       2.20000000,       1.55246700,       1.42308547
   2816159,     24735.1700,       2.40001396,       2.20000000,       1.55245500,       1.42307547
   3379391,     24732.1100,       2.40001628,       2.20000000,       1.55264800,       1.42325101
   4055269,     24735.0300,       2.40001623,       2.20000000,       1.55246400,       1.42308238
   4866323,     24738.3500,       2.40001622,       2.20000000,       1.55225600,       1.42289172
   5839588,     24735.0600,       2.39996789,       2.20000000,       1.55243100,       1.42308079
