  Size(KB),       Bw(MB/s),    nominal_clock,     actual_clock,   cy_nominal/LUP,           cy/LUP
         5,    115554.7200,       2.39432652,       1.80000000,       0.49728700,       0.37384901
         6,    117394.2600,       2.39432732,       1.80000000,       0.48949500,       0.36799104
         7,    121402.1400,       2.39432924,       1.80000000,       0.47333500,       0.35584204
         8,    122852.6100,       2.39433104,       1.80000000,       0.46774700,       0.35164085
        10,    124721.7400,       2.39432859,       1.80000000,       0.46073700,       0.34637126
        12,    122876.1300,       2.39433080,       1.80000000,       0.46765700,       0.35157322
        14,    122734.7300,       2.39433014,       1.80000000,       0.46819600,       0.35197853
        17,    126241.7300,       2.39433212,       1.80000000,       0.45519000,       0.34220065
        20,    128535.1400,       2.39432907,       1.80000000,       0.44706800,       0.33609516
        24,    127772.7500,       2.39433130,       1.80000000,       0.44973600,       0.33810058
        29,    128936.0700,       2.39433312,       1.80000000,       0.44567800,       0.33504962
        35,    130094.6000,       2.39433155,       1.80000000,       0.44170900,       0.33206604
        42,    121777.0600,       2.39433084,       1.80000000,       0.47187800,       0.35474646
        50,    103427.7000,       2.39433225,       1.80000000,       0.55559600,       0.41768339
        60,     54462.7600,       2.39427999,       1.80000000,       1.05508300,       0.79320272
        72,     51398.1900,       2.39433005,       1.80000000,       1.11801500,       0.84049691
        86,     50942.3200,       2.39433242,       1.80000000,       1.12802100,       0.84801834
       103,     51423.9100,       2.39427305,       1.80000000,       1.11742900,       0.84007637
       124,     51315.5100,       2.39433094,       1.80000000,       1.11981600,       0.84185054
       149,     51452.2100,       2.39432945,       1.80000000,       1.11684000,       0.83961378
       179,     51231.7900,       2.39433196,       1.80000000,       1.12164700,       0.84322668
       215,     51257.4900,       2.39433036,       1.80000000,       1.12108400,       0.84280400
       258,     51220.2500,       2.39433378,       1.80000000,       1.12190000,       0.84341624
       310,     51178.8900,       2.39433100,       1.80000000,       1.12280600,       0.84409833
       372,     51121.8300,       2.39432742,       1.80000000,       1.12405700,       0.84504007
       446,     51086.2100,       2.39433170,       1.80000000,       1.12484300,       0.84562945
       535,     50967.5600,       2.39433105,       1.80000000,       1.12746100,       0.84759783
       642,     51002.2000,       2.39432937,       1.80000000,       1.12669500,       0.84702256
       770,     51008.1900,       2.39432956,       1.80000000,       1.12656300,       0.84692326
       924,     50925.0800,       2.39432741,       1.80000000,       1.12840000,       0.84830504
      1109,     47348.6100,       2.39432776,       1.80000000,       1.21363400,       0.91238185
      1331,     35149.5200,       2.39432772,       1.80000000,       1.63484000,       1.22903476
      1597,     25306.9600,       2.39432924,       1.80000000,       2.27067600,       1.70704043
      1916,     22968.6300,       2.39432699,       1.80000000,       2.50184000,       1.88082581
      2299,     21122.6500,       2.39433174,       1.80000000,       2.72049000,       2.04519779
      2759,     20703.8700,       2.39433018,       1.80000000,       2.77551600,       2.08656636
      3311,     20687.6900,       2.39433166,       1.80000000,       2.77768900,       2.08819868
      3973,     20689.3800,       2.39432789,       1.80000000,       2.77745700,       2.08802755
      4768,     20683.6800,       2.39432775,       1.80000000,       2.77822200,       2.08860278
      5722,     20689.9700,       2.39432936,       1.80000000,       2.77737900,       2.08796763
      6866,     20671.6400,       2.39432939,       1.80000000,       2.77984300,       2.08981998
      8239,     20671.6200,       2.39432960,       1.80000000,       2.77984600,       2.08982205
      9887,     20696.6200,       2.39433028,       1.80000000,       2.77648900,       2.08729774
     11864,     20695.7800,       2.39432941,       1.80000000,       2.77660100,       2.08738270
     14237,     20698.2800,       2.39432927,       1.80000000,       2.77626500,       2.08713023
     17084,     20677.8700,       2.39432812,       1.80000000,       2.77900300,       2.08918959
     20501,     20697.0800,       2.39433036,       1.80000000,       2.77642700,       2.08725106
     24601,     20693.4400,       2.39432978,       1.80000000,       2.77691400,       2.08761769
     29521,     20059.5700,       2.39432780,       1.80000000,       2.86466200,       2.15358633
     35425,     19879.6400,       2.39432804,       1.80000000,       2.89058900,       2.17307742
     42510,     19170.8600,       2.39432975,       1.80000000,       2.99746100,       2.25341969
     51012,     17792.3000,       2.39433098,       1.80000000,       3.22970900,       2.42801695
     61214,     16769.6900,       2.39433091,       1.80000000,       3.42665500,       2.57607625
     73457,     15234.2400,       2.39433106,       1.80000000,       3.77202600,       2.83571764
     88148,     14064.3700,       2.39433300,       1.80000000,       4.08578500,       3.07159155
    105778,     13703.8800,       2.39432868,       1.80000000,       4.19325700,       3.15239201
    126934,     13174.9500,       2.39433340,       1.80000000,       4.36160900,       3.27894862
    152321,     12800.2900,       2.39432945,       1.80000000,       4.48926800,       3.37492504
    182785,     12616.0900,       2.39432756,       1.80000000,       4.55480800,       3.42419915
    219342,     12332.6600,       2.39433157,       1.80000000,       4.65949400,       3.50289380
    263210,     12208.4300,       2.39433333,       1.80000000,       4.70691100,       3.53853814
    315852,     12092.7500,       2.39433446,       1.80000000,       4.75194000,       3.57238813
    379022,     12104.8800,       2.39433222,       1.80000000,       4.74717500,       3.56880925
    454826,     12002.7600,       2.39433194,       1.80000000,       4.78756200,       3.59917164
    545791,     12054.8100,       2.39433098,       1.80000000,       4.76689100,       3.58363311
    654949,     11962.2200,       2.39433073,       1.80000000,       4.80378500,       3.61136952
    785939,     11919.7000,       2.39432995,       1.80000000,       4.82092100,       3.62425312
    943127,     11948.0300,       2.39433008,       1.80000000,       4.80948700,       3.61565712
   1131752,     11914.3000,       2.39433024,       1.80000000,       4.82310700,       3.62589607
   1358102,     11915.7600,       2.39433177,       1.80000000,       4.82251700,       3.62545020
   1629722,     11903.1800,       2.39433131,       1.80000000,       4.82761300,       3.62928194
   1955666,     11901.9900,       2.39433399,       1.80000000,       4.82810100,       3.62964475
