  Size(KB),       Bw(MB/s),    nominal_clock,     actual_clock,   cy_nominal/LUP,           cy/LUP
         5,    125504.6200,       2.79466507,       2.10000000,       0.71255800,       0.53543869
         6,    127824.1200,       2.79471707,       2.10000000,       0.69964100,       0.52572266
         7,    132747.0100,       2.79471313,       2.10000000,       0.67369400,       0.50622634
         8,    135006.9300,       2.79471966,       2.10000000,       0.66241800,       0.49775218
        10,    138443.6500,       2.79472001,       2.10000000,       0.64597400,       0.48539582
        12,    140005.6300,       2.79467509,       2.10000000,       0.63875700,       0.47998055
        14,    142642.2000,       2.79471319,       2.10000000,       0.62695900,       0.47110877
        17,    143717.4100,       2.79471486,       2.10000000,       0.62226900,       0.46758434
        20,    145615.8700,       2.79471437,       2.10000000,       0.61415600,       0.46148816
        24,    146794.1400,       2.79471258,       2.10000000,       0.60922600,       0.45778396
        29,    147652.4200,       2.79404414,       2.10000000,       0.60554000,       0.45512309
        35,    130345.0800,       2.79471093,       2.10000000,       0.68610800,       0.51555486
        42,     85472.4700,       2.79471591,       2.10000000,       1.04631200,       0.78621773
        50,     66677.6600,       2.79471786,       2.10000000,       1.34124300,       1.00783350
        60,     65903.0500,       2.79471430,       2.10000000,       1.35700600,       1.01967940
        72,     65848.2100,       2.79471703,       2.10000000,       1.35813800,       1.02052901
        86,     66137.8600,       2.79469016,       2.10000000,       1.35217700,       1.01605958
       103,     66242.0800,       2.79471533,       2.10000000,       1.35006200,       1.01446118
       124,     66347.8300,       2.79471498,       2.10000000,       1.34791000,       1.01284425
       149,     66418.7100,       2.79471424,       2.10000000,       1.34647100,       1.01176323
       179,     66461.4800,       2.79467371,       2.10000000,       1.34558500,       1.01111213
       215,     66521.6800,       2.79397228,       2.10000000,       1.34403000,       1.01019721
       258,     66473.0500,       2.79471798,       2.10000000,       1.34537200,       1.01093606
       310,     66277.7700,       2.79471507,       2.10000000,       1.34933500,       1.01391499
       372,     59165.7900,       2.79471770,       2.10000000,       1.51153200,       1.13579171
       446,     55576.9800,       2.79471571,       2.10000000,       1.60913600,       1.20913393
       535,     58508.8800,       2.79471040,       2.10000000,       1.52849900,       1.14854402
       642,     53832.8600,       2.79469307,       2.10000000,       1.66125600,       1.24830796
       770,     53501.6100,       2.79465457,       2.10000000,       1.67151900,       1.25603713
       924,     49661.1300,       2.79471325,       2.10000000,       1.80082200,       1.35317146
      1109,     47774.7100,       2.79471750,       2.10000000,       1.87193100,       1.40660195
      1331,     48046.8900,       2.79472001,       2.10000000,       1.86132900,       1.39863417
      1597,     47108.4000,       2.79471451,       2.10000000,       1.89840600,       1.42649726
      1916,     47409.0900,       2.79471895,       2.10000000,       1.88636800,       1.41744944
      2299,     47911.7000,       2.79471111,       2.10000000,       1.86657500,       1.40258057
      2759,     47612.8900,       2.79471494,       2.10000000,       1.87829100,       1.41138226
      3311,     47380.1000,       2.79471827,       2.10000000,       1.88752200,       1.41831692
      3973,     49818.8800,       2.79471587,       2.10000000,       1.79512100,       1.34888636
      4768,     47608.3500,       2.79471603,       2.10000000,       1.87847100,       1.41151697
      5722,     49535.9300,       2.79471982,       2.10000000,       1.80537700,       1.35659098
      6866,     47698.9800,       2.79471494,       2.10000000,       1.87490100,       1.40883496
      8239,     50495.8100,       2.79471431,       2.10000000,       1.77105500,       1.33080347
      9887,     50160.9600,       2.79471819,       2.10000000,       1.78288000,       1.33968713
     11864,     50701.1200,       2.79411990,       2.10000000,       1.76350800,       1.32541442
     14237,     52745.8500,       2.79471674,       2.10000000,       1.69550700,       1.27403420
     17084,     50154.3000,       2.79471358,       2.10000000,       1.78311400,       1.33986517
     20501,     50248.0000,       2.79471325,       2.10000000,       1.77978900,       1.33736687
     24601,     50049.7000,       2.79471535,       2.10000000,       1.78684200,       1.34266561
     29521,     52219.8600,       2.79417147,       2.10000000,       1.71225100,       1.28686701
     35425,     45617.1500,       2.79471344,       2.10000000,       1.96046500,       1.47313010
     42510,     45233.0900,       2.79471480,       2.10000000,       1.97711200,       1.48563825
     51012,     44027.0600,       2.79471308,       2.10000000,       2.03126900,       1.52633375
     61214,     42808.8700,       2.79469693,       2.10000000,       2.08906000,       1.56976807
     73457,     42973.5200,       2.79471538,       2.10000000,       2.08107000,       1.56375387
     88148,     38004.4200,       2.79471439,       2.10000000,       2.35317000,       1.76821539
    105778,     37196.3500,       2.79471749,       2.10000000,       2.40429400,       1.80662891
    126934,     36122.6100,       2.79471402,       2.10000000,       2.47575800,       1.86033052
    152321,     34675.5600,       2.79471692,       2.10000000,       2.57907700,       1.93796433
    182785,     33720.5600,       2.79471594,       2.10000000,       2.65211800,       1.99284934
    219342,     33584.0100,       2.79471250,       2.10000000,       2.66289900,       2.00095284
    263210,     33442.7900,       2.79471203,       2.10000000,       2.67414200,       2.00940138
    315852,     31855.7700,       2.79460695,       2.10000000,       2.80726000,       2.10950810
    379022,     29971.5000,       2.79472012,       2.10000000,       2.98387000,       2.24213042
    454826,     30394.0900,       2.79471734,       2.10000000,       2.94237900,       2.21095558
    545791,     30454.2700,       2.79471630,       2.10000000,       2.93656500,       2.20658766
    654949,     31181.1300,       2.79468521,       2.10000000,       2.86807900,       2.15515002
    785939,     30357.8700,       2.79468860,       2.10000000,       2.94586000,       2.21359403
    943127,     30451.5000,       2.79471690,       2.10000000,       2.93683200,       2.20678782
   1131752,     30491.2700,       2.79470872,       2.10000000,       2.93299300,       2.20390957
   1358102,     30301.6600,       2.79471337,       2.10000000,       2.95135100,       2.21770045
   1629722,     30955.8300,       2.79471020,       2.10000000,       2.88897900,       2.17083542
   1955666,     30397.5300,       2.79471421,       2.10000000,       2.94204400,       2.21070633
