  Size(KB),       Bw(MB/s),    nominal_clock,     actual_clock,   cy_nominal/LUP,           cy/LUP
         5,     55982.5700,       2.39433263,       1.80000000,       1.36861600,       1.02889163
         6,     56209.1700,       2.39432946,       1.80000000,       1.36309700,       1.02474394
         7,     56383.6400,       2.39432945,       1.80000000,       1.35887900,       1.02157295
         8,     56516.8400,       2.39433346,       1.80000000,       1.35567900,       1.01916556
        10,     56701.3600,       2.39432738,       1.80000000,       1.35126400,       1.01584905
        12,     56818.1400,       2.39433028,       1.80000000,       1.34848800,       1.01376089
        14,     56906.5400,       2.39432873,       1.80000000,       1.34639200,       1.01218583
        17,     56987.5700,       2.39432718,       1.80000000,       1.34447700,       1.01074683
        20,     57053.3200,       2.39429588,       1.80000000,       1.34291000,       1.00958199
        24,     57115.5600,       2.39432831,       1.80000000,       1.34146500,       1.00848200
        29,     57173.5900,       2.39432951,       1.80000000,       1.34010400,       1.00745833
        35,     52053.8100,       2.39432905,       1.80000000,       1.47191000,       1.10654715
        42,     45841.5000,       2.39432975,       1.80000000,       1.67138000,       1.25650362
        50,     38276.8800,       2.39432722,       1.80000000,       2.00169100,       1.50482514
        60,     23382.1400,       2.39432859,       1.80000000,       3.27679700,       2.46341903
        72,     20417.5400,       2.39433358,       1.80000000,       3.75259100,       2.82110390
        86,     20383.8400,       2.39433099,       1.80000000,       3.75879200,       2.82576871
       103,     20529.4700,       2.39433051,       1.80000000,       3.73212600,       2.80572243
       124,     20116.8400,       2.39431755,       1.80000000,       3.80865800,       2.86327284
       149,     20372.2900,       2.39426443,       1.80000000,       3.76081800,       2.82737041
       179,     20007.7700,       2.39433253,       1.80000000,       3.82944500,       2.87888207
       215,     20242.8000,       2.39433082,       1.80000000,       3.78498000,       2.84545642
       258,     20305.1600,       2.39432774,       1.80000000,       3.77335000,       2.83671691
       310,     20106.5300,       2.39433037,       1.80000000,       3.81063100,       2.86474076
       372,     20536.1800,       2.39432914,       1.80000000,       3.73090500,       2.80480611
       446,     20476.7800,       2.39432926,       1.80000000,       3.74172800,       2.81294244
       535,     20435.4500,       2.39433036,       1.80000000,       3.74929700,       2.81863135
       642,     20447.5500,       2.39433477,       1.80000000,       3.74708600,       2.81696398
       770,     20199.1300,       2.39433157,       1.80000000,       3.79316400,       2.85160805
       924,     20316.6100,       2.39433249,       1.80000000,       3.77123100,       2.83511828
      1109,     19610.4200,       2.39432971,       1.80000000,       3.90703200,       2.93721352
      1331,     18470.7100,       2.39433165,       1.80000000,       4.14811500,       3.11845145
      1597,     16463.7100,       2.39432981,       1.80000000,       4.65378300,       3.49860298
      1916,     15481.5600,       2.39432934,       1.80000000,       4.94902000,       3.72055584
      2299,     15100.3300,       2.39433195,       1.80000000,       5.07396800,       3.81448463
      2759,     14981.9000,       2.39433068,       1.80000000,       5.11407600,       3.84463888
      3311,     14967.1700,       2.39432731,       1.80000000,       5.11910200,       3.84842271
      3973,     14946.5600,       2.39433030,       1.80000000,       5.12616700,       3.85372920
      4768,     14966.3700,       2.39433078,       1.80000000,       5.11938500,       3.84862989
      5722,     14956.3200,       2.39432800,       1.80000000,       5.12281900,       3.85121596
      6866,     14920.4800,       2.39433245,       1.80000000,       5.13513300,       3.86046616
      8239,     14869.3300,       2.39433476,       1.80000000,       5.15280200,       3.87374554
      9887,     14809.0000,       2.39433068,       1.80000000,       5.17378600,       3.88952740
     11864,     14992.6400,       2.39433263,       1.80000000,       5.11041700,       3.84188500
     14237,     14904.7700,       2.39433145,       1.80000000,       5.14054200,       3.86453413
     17084,     14896.0300,       2.39433093,       1.80000000,       5.14355600,       3.86680082
     20501,     14727.7800,       2.39433408,       1.80000000,       5.20232500,       3.91097678
     24601,     14258.3600,       2.39433344,       1.80000000,       5.37359700,       4.03973584
     29521,     13824.8000,       2.39432933,       1.80000000,       5.54210700,       4.16642459
     35425,     13008.9000,       2.39433123,       1.80000000,       5.88970400,       4.42773625
     42510,     13088.6400,       2.39432963,       1.80000000,       5.85381900,       4.40076172
     51012,     12735.7800,       2.39433182,       1.80000000,       6.01601300,       4.52269118
     61214,     12360.6800,       2.39433195,       1.80000000,       6.19857500,       4.65993657
     73457,     12125.6800,       2.39433090,       1.80000000,       6.31870200,       4.75024718
     88148,     11904.5300,       2.39432894,       1.80000000,       6.43608400,       4.83849608
    105778,     11854.1100,       2.39433006,       1.80000000,       6.46345800,       4.85907294
    126934,     11724.1400,       2.39431139,       1.80000000,       6.53505900,       4.91293917
    152321,     11636.4300,       2.39433235,       1.80000000,       6.58437800,       4.94997296
    182785,     11778.3900,       2.39433388,       1.80000000,       6.50502200,       4.89031196
    219342,     11582.3500,       2.39433176,       1.80000000,       6.61512100,       4.97308601
    263210,     11872.5800,       2.39433092,       1.80000000,       6.45340700,       4.85151509
    315852,     11335.1600,       2.39433101,       1.80000000,       6.75937400,       5.08153348
    379022,     11400.4100,       2.39432909,       1.80000000,       6.72068100,       5.05244907
    454826,     11391.3700,       2.39433271,       1.80000000,       6.72602300,       5.05645743
    545791,     11544.7400,       2.39433192,       1.80000000,       6.63666800,       4.98928418
    654949,     11541.3500,       2.39433087,       1.80000000,       6.63861800,       4.99075233
    785939,     11381.3600,       2.39432166,       1.80000000,       6.73191100,       5.06090723
    943127,     11353.6500,       2.39432894,       1.80000000,       6.74835900,       5.07325705
   1131752,     11511.6400,       2.39433090,       1.80000000,       6.65574700,       5.00362945
   1358102,     11335.0200,       2.39432750,       1.80000000,       6.75944600,       5.08159505
   1629722,     11200.7100,       2.39432849,       1.80000000,       6.84050800,       5.14253347
   1955666,     11298.0000,       2.39433080,       1.80000000,       6.78160500,       5.09824665
   2346799,     11345.0000,       2.39433051,       1.80000000,       6.75351200,       5.07712762
   2816159,     11279.6500,       2.39433124,       1.80000000,       6.79264000,       5.10654156
   3379391,     11320.6600,       2.39433047,       1.80000000,       6.76803300,       5.08804426
   4055269,     11271.0600,       2.39432905,       1.80000000,       6.79780800,       5.11043141
   4866323,     11279.8500,       2.39433066,       1.80000000,       6.79251600,       5.10644958
   5839588,     11288.2800,       2.39432992,       1.80000000,       6.78744400,       5.10263816
