  Size(KB),       Bw(MB/s),    nominal_clock,     actual_clock,   cy_nominal/LUP,           cy/LUP
         5,    110582.4200,       2.49408568,       2.20000000,       0.18043300,       0.15915756
         6,    114282.9800,       2.49408099,       2.20000000,       0.17459000,       0.15400382
         7,    117512.0200,       2.49409128,       2.20000000,       0.16979300,       0.14977182
         8,    120032.7900,       2.49407837,       2.20000000,       0.16622600,       0.14662619
        10,    110217.5600,       2.49408543,       2.20000000,       0.18103000,       0.15968419
        12,    126135.1400,       2.49408699,       2.20000000,       0.15818500,       0.13953282
        14,    117686.0300,       2.49408523,       2.20000000,       0.16954200,       0.14955078
        17,    121099.8600,       2.49408524,       2.20000000,       0.16476200,       0.14533441
        20,    123702.0800,       2.49405373,       2.20000000,       0.16129400,       0.14227713
        24,    126178.9000,       2.49407510,       2.20000000,       0.15812900,       0.13948409
        29,    128422.8500,       2.49408513,       2.20000000,       0.15536700,       0.13704721
        35,     78467.9000,       2.49408612,       2.20000000,       0.25427800,       0.22429522
        42,     66146.1200,       2.49408628,       2.20000000,       0.30164600,       0.26607788
        50,     67410.9800,       2.49408628,       2.20000000,       0.29598600,       0.26108527
        60,     67562.1500,       2.49407723,       2.20000000,       0.29532200,       0.26050051
        72,     67787.3500,       2.49408700,       2.20000000,       0.29434200,       0.25963505
        86,     68472.3400,       2.49408952,       2.20000000,       0.29139800,       0.25703793
       103,     67917.2800,       2.49408746,       2.20000000,       0.29377900,       0.25913839
       124,     68391.1200,       2.49408355,       2.20000000,       0.29174400,       0.25734374
       149,     68149.6100,       2.49408724,       2.20000000,       0.29277800,       0.25825544
       179,     68668.1400,       2.49408670,       2.20000000,       0.29056700,       0.25630520
       215,     68417.0300,       2.49406115,       2.20000000,       0.29163000,       0.25724550
       258,     68555.6900,       2.49408658,       2.20000000,       0.29104400,       0.25672597
       310,     66919.7400,       2.49408718,       2.20000000,       0.29815900,       0.26300195
       372,     66064.7200,       2.49407837,       2.20000000,       0.30201600,       0.26640510
       446,     65901.4100,       2.49408553,       2.20000000,       0.30276600,       0.26706590
       535,     65927.7700,       2.49408778,       2.20000000,       0.30264500,       0.26695893
       642,     65936.5000,       2.49408738,       2.20000000,       0.30260500,       0.26692369
       770,     65631.0600,       2.49408519,       2.20000000,       0.30401300,       0.26816590
       924,     57953.0200,       2.49408603,       2.20000000,       0.34429100,       0.30369450
      1109,     34255.5900,       2.49408865,       2.20000000,       0.58246600,       0.51378495
      1331,     28177.3400,       2.49408351,       2.20000000,       0.70811000,       0.62461501
      1597,     22767.1800,       2.49408870,       2.20000000,       0.87638000,       0.77304228
      1916,     21586.5700,       2.49409011,       2.20000000,       0.92431200,       0.81532194
      2299,     21414.9400,       2.49408677,       2.20000000,       0.93171900,       0.82185665
      2759,     21387.7100,       2.49408183,       2.20000000,       0.93290300,       0.82290267
      3311,     21409.4400,       2.49408483,       2.20000000,       0.93195700,       0.82206723
      3973,     21387.9700,       2.49408358,       2.20000000,       0.93289200,       0.82289239
      4768,     21392.6500,       2.49403085,       2.20000000,       0.93266800,       0.82271220
      5722,     21410.0200,       2.49409011,       2.20000000,       0.93193400,       0.82204520
      6866,     21424.4400,       2.49407776,       2.20000000,       0.93130200,       0.82149179
      8239,     21423.1500,       2.49408758,       2.20000000,       0.93136200,       0.82154148
      9887,     21427.6100,       2.49404734,       2.20000000,       0.93115300,       0.82137038
     11864,     21363.7600,       2.49408659,       2.20000000,       0.93395000,       0.82382465
     14237,     21096.3600,       2.49408168,       2.20000000,       0.94578700,       0.83426755
     17084,     21390.5500,       2.49408582,       2.20000000,       0.93278000,       0.82279286
     20501,     21027.6500,       2.49405949,       2.20000000,       0.94886800,       0.83699270
     24601,     20192.5600,       2.49408284,       2.20000000,       0.98812000,       0.87160858
     29521,     16794.6200,       2.49408413,       2.20000000,       1.18804000,       1.04795503
     35425,     14964.5200,       2.49408618,       2.20000000,       1.33333300,       1.17611517
     42510,     13483.2800,       2.49408643,       2.20000000,       1.47981000,       1.30532044
     51012,     12623.4700,       2.49408509,       2.20000000,       1.58060200,       1.39422846
     61214,     12094.5400,       2.49408259,       2.20000000,       1.64972400,       1.45520153
     73457,     11713.6400,       2.49408155,       2.20000000,       1.70336900,       1.50252176
     88148,     11440.6500,       2.49408130,       2.20000000,       1.74401400,       1.53837439
    105778,     11268.4400,       2.49408799,       2.20000000,       1.77067200,       1.56188491
    126934,     11156.0400,       2.49406797,       2.20000000,       1.78849600,       1.57761988
    152321,     11086.0800,       2.49408591,       2.20000000,       1.79979600,       1.58757611
    182785,     11035.3100,       2.49408457,       2.20000000,       1.80807600,       1.59488065
    219342,     10994.6000,       2.49408866,       2.20000000,       1.81477400,       1.60078624
    263210,     10958.5000,       2.49408795,       2.20000000,       1.82075100,       1.60605892
    315852,     10931.2300,       2.49408764,       2.20000000,       1.82529400,       1.61006644
    379022,     10908.7500,       2.49398674,       2.20000000,       1.82898200,       1.61338484
    454826,     10891.7000,       2.49408446,       2.20000000,       1.83191600,       1.61590967
    545791,     10875.4000,       2.49407377,       2.20000000,       1.83465300,       1.61833088
    654949,     10863.8900,       2.49408657,       2.20000000,       1.83660700,       1.62004617
    785939,     10856.1000,       2.49408458,       2.20000000,       1.83792300,       1.62120829
    943127,     10847.8300,       2.49408914,       2.20000000,       1.83932800,       1.62244466
   1131752,     10843.7100,       2.49408792,       2.20000000,       1.84002600,       1.62306115
   1358102,     10837.9700,       2.49408635,       2.20000000,       1.84099900,       1.62392044
   1629722,     10832.4000,       2.49408519,       2.20000000,       1.84194500,       1.62475565
   1955666,     10828.5400,       2.49409036,       2.20000000,       1.84260600,       1.62533534
   2346799,     10824.5200,       2.49408765,       2.20000000,       1.84328700,       1.62593781
   2816159,     10820.9300,       2.49408478,       2.20000000,       1.84389700,       1.62647775
   3379391,     10821.9300,       2.49408636,       2.20000000,       1.84372700,       1.62632676
   4055269,     10819.7500,       2.49408433,       2.20000000,       1.84409700,       1.62665446
   4866323,     10816.9500,       2.49408561,       2.20000000,       1.84457500,       1.62707526
   5839588,     10817.3100,       2.49408522,       2.20000000,       1.84451400,       1.62702171
